available_ingredients,recipe_name,recipe_ingredients,instructions
"soy sauce, bell pepper, carrot, olive oil",Vegetable Stir Fry,"broccoli, carrot, bell pepper, soy sauce, garlic, olive oil",1. Chop vegetables. 2. Stir-fry in olive oil. 3. Add soy sauce and garlic. 4. Cook until tender and serve.
"bread, garlic, parsley, butter",Garlic Bread,"bread, butter, garlic, parsley",1. Mix butter with minced garlic and parsley. 2. Spread on bread. 3. Bake until golden brown. 4. Serve hot.
"rice, soy sauce, garlic, egg, spring onion",Egg Fried Rice,"rice, egg, soy sauce, garlic, spring onion",1. Scramble eggs in a pan. 2. Add cooked rice and soy sauce. 3. Stir-fry with garlic and onions. 4. Serve hot.
"banana, honey, milk",Banana Smoothie,"banana, milk, honey","1. Blend banana, milk, and honey. 2. Pour into a glass. 3. Serve chilled."
"chicken, cream, garlic, pasta, parmesan cheese",Chicken Alfredo,"chicken, pasta, cream, garlic, butter, parmesan cheese","1. Cook pasta. 2. Sauté chicken with garlic. 3. Add cream, butter, and cheese. 4. Mix with pasta and serve."
"banana, honey, milk",Banana Smoothie,"banana, milk, honey","1. Blend banana, milk, and honey. 2. Pour into a glass. 3. Serve chilled."
"butter, onion, tomato, black pepper, garlic",Tomato Soup,"tomato, garlic, onion, butter, black pepper",1. Sauté onions and garlic in butter. 2. Add chopped tomatoes and cook. 3. Blend smooth and season. 4. Serve hot.
"rice, soy sauce, spring onion, garlic, egg",Egg Fried Rice,"rice, egg, soy sauce, garlic, spring onion",1. Scramble eggs in a pan. 2. Add cooked rice and soy sauce. 3. Stir-fry with garlic and onions. 4. Serve hot.
"banana, milk, honey",Banana Smoothie,"banana, milk, honey","1. Blend banana, milk, and honey. 2. Pour into a glass. 3. Serve chilled."
"rice, egg, spring onion",Egg Fried Rice,"rice, egg, soy sauce, garlic, spring onion",1. Scramble eggs in a pan. 2. Add cooked rice and soy sauce. 3. Stir-fry with garlic and onions. 4. Serve hot.
"butter, sugar, milk, flour, egg",Pancakes,"flour, milk, egg, sugar, butter","1. Mix flour, milk, egg, and sugar. 2. Cook on a greased pan. 3. Flip when bubbles appear. 4. Serve with butter and syrup."
"cheese, black pepper, spaghetti",Spaghetti Carbonara,"spaghetti, egg, cheese, bacon, black pepper",1. Boil spaghetti. 2. Cook bacon until crispy. 3. Mix eggs and cheese. 4. Combine everything and serve.
"egg, flour, butter, milk, sugar",Pancakes,"flour, milk, egg, sugar, butter","1. Mix flour, milk, egg, and sugar. 2. Cook on a greased pan. 3. Flip when bubbles appear. 4. Serve with butter and syrup."
"carrot, garlic, broccoli, olive oil",Vegetable Stir Fry,"broccoli, carrot, bell pepper, soy sauce, garlic, olive oil",1. Chop vegetables. 2. Stir-fry in olive oil. 3. Add soy sauce and garlic. 4. Cook until tender and serve.
"sugar, flour, butter",Pancakes,"flour, milk, egg, sugar, butter","1. Mix flour, milk, egg, and sugar. 2. Cook on a greased pan. 3. Flip when bubbles appear. 4. Serve with butter and syrup."
"soy sauce, bell pepper, garlic, olive oil",Vegetable Stir Fry,"broccoli, carrot, bell pepper, soy sauce, garlic, olive oil",1. Chop vegetables. 2. Stir-fry in olive oil. 3. Add soy sauce and garlic. 4. Cook until tender and serve.
"honey, milk, banana",Banana Smoothie,"banana, milk, honey","1. Blend banana, milk, and honey. 2. Pour into a glass. 3. Serve chilled."
"butter, bread, cheese",Grilled Cheese Sandwich,"bread, butter, cheese",1. Butter bread slices. 2. Add cheese between slices. 3. Grill until golden brown. 4. Serve hot.
"honey, milk, banana",Banana Smoothie,"banana, milk, honey","1. Blend banana, milk, and honey. 2. Pour into a glass. 3. Serve chilled."
"garlic, yogurt, rice, chicken, cumin, turmeric",Chicken Biryani,"chicken, rice, yogurt, garlic, cumin, turmeric",1. Marinate chicken in yogurt and spices. 2. Cook rice with spices. 3. Layer chicken and rice together. 4. Serve hot.
"flour, sugar, butter, egg, milk",Pancakes,"flour, milk, egg, sugar, butter","1. Mix flour, milk, egg, and sugar. 2. Cook on a greased pan. 3. Flip when bubbles appear. 4. Serve with butter and syrup."
"garlic, soy sauce, spring onion, egg",Egg Fried Rice,"rice, egg, soy sauce, garlic, spring onion",1. Scramble eggs in a pan. 2. Add cooked rice and soy sauce. 3. Stir-fry with garlic and onions. 4. Serve hot.
"butter, cream, garlic, parmesan cheese",Chicken Alfredo,"chicken, pasta, cream, garlic, butter, parmesan cheese","1. Cook pasta. 2. Sauté chicken with garlic. 3. Add cream, butter, and cheese. 4. Mix with pasta and serve."
"cream, garlic, chicken, butter, pasta",Chicken Alfredo,"chicken, pasta, cream, garlic, butter, parmesan cheese","1. Cook pasta. 2. Sauté chicken with garlic. 3. Add cream, butter, and cheese. 4. Mix with pasta and serve."
"garlic, butter, parsley",Garlic Bread,"bread, butter, garlic, parsley",1. Mix butter with minced garlic and parsley. 2. Spread on bread. 3. Bake until golden brown. 4. Serve hot.
"rice, soy sauce, spring onion",Egg Fried Rice,"rice, egg, soy sauce, garlic, spring onion",1. Scramble eggs in a pan. 2. Add cooked rice and soy sauce. 3. Stir-fry with garlic and onions. 4. Serve hot.
"rice, soy sauce, garlic, egg",Egg Fried Rice,"rice, egg, soy sauce, garlic, spring onion",1. Scramble eggs in a pan. 2. Add cooked rice and soy sauce. 3. Stir-fry with garlic and onions. 4. Serve hot.
"flour, egg, milk, butter, sugar",Pancakes,"flour, milk, egg, sugar, butter","1. Mix flour, milk, egg, and sugar. 2. Cook on a greased pan. 3. Flip when bubbles appear. 4. Serve with butter and syrup."
"butter, cream, parmesan cheese, chicken, pasta, garlic",Chicken Alfredo,"chicken, pasta, cream, garlic, butter, parmesan cheese","1. Cook pasta. 2. Sauté chicken with garlic. 3. Add cream, butter, and cheese. 4. Mix with pasta and serve."
"cheese, butter, bread",Grilled Cheese Sandwich,"bread, butter, cheese",1. Butter bread slices. 2. Add cheese between slices. 3. Grill until golden brown. 4. Serve hot.
"cheese, butter, bread",Grilled Cheese Sandwich,"bread, butter, cheese",1. Butter bread slices. 2. Add cheese between slices. 3. Grill until golden brown. 4. Serve hot.
"bread, garlic, parsley, butter",Garlic Bread,"bread, butter, garlic, parsley",1. Mix butter with minced garlic and parsley. 2. Spread on bread. 3. Bake until golden brown. 4. Serve hot.
"soy sauce, egg, garlic, rice, spring onion",Egg Fried Rice,"rice, egg, soy sauce, garlic, spring onion",1. Scramble eggs in a pan. 2. Add cooked rice and soy sauce. 3. Stir-fry with garlic and onions. 4. Serve hot.
"milk, honey, banana",Banana Smoothie,"banana, milk, honey","1. Blend banana, milk, and honey. 2. Pour into a glass. 3. Serve chilled."
"spaghetti, cheese, egg, black pepper, bacon",Spaghetti Carbonara,"spaghetti, egg, cheese, bacon, black pepper",1. Boil spaghetti. 2. Cook bacon until crispy. 3. Mix eggs and cheese. 4. Combine everything and serve.
"egg, milk, sugar, flour",Pancakes,"flour, milk, egg, sugar, butter","1. Mix flour, milk, egg, and sugar. 2. Cook on a greased pan. 3. Flip when bubbles appear. 4. Serve with butter and syrup."
"milk, butter, egg, flour",Pancakes,"flour, milk, egg, sugar, butter","1. Mix flour, milk, egg, and sugar. 2. Cook on a greased pan. 3. Flip when bubbles appear. 4. Serve with butter and syrup."
"butter, onion, black pepper, tomato, garlic",Tomato Soup,"tomato, garlic, onion, butter, black pepper",1. Sauté onions and garlic in butter. 2. Add chopped tomatoes and cook. 3. Blend smooth and season. 4. Serve hot.
"broccoli, garlic, carrot, olive oil",Vegetable Stir Fry,"broccoli, carrot, bell pepper, soy sauce, garlic, olive oil",1. Chop vegetables. 2. Stir-fry in olive oil. 3. Add soy sauce and garlic. 4. Cook until tender and serve.
"garlic, parsley, bread, butter",Garlic Bread,"bread, butter, garlic, parsley",1. Mix butter with minced garlic and parsley. 2. Spread on bread. 3. Bake until golden brown. 4. Serve hot.
"olive oil, carrot, garlic, broccoli, soy sauce",Vegetable Stir Fry,"broccoli, carrot, bell pepper, soy sauce, garlic, olive oil",1. Chop vegetables. 2. Stir-fry in olive oil. 3. Add soy sauce and garlic. 4. Cook until tender and serve.
"flour, egg, milk, sugar, butter",Pancakes,"flour, milk, egg, sugar, butter","1. Mix flour, milk, egg, and sugar. 2. Cook on a greased pan. 3. Flip when bubbles appear. 4. Serve with butter and syrup."
"butter, egg, flour, sugar",Pancakes,"flour, milk, egg, sugar, butter","1. Mix flour, milk, egg, and sugar. 2. Cook on a greased pan. 3. Flip when bubbles appear. 4. Serve with butter and syrup."
"parmesan cheese, pasta, butter, garlic, chicken",Chicken Alfredo,"chicken, pasta, cream, garlic, butter, parmesan cheese","1. Cook pasta. 2. Sauté chicken with garlic. 3. Add cream, butter, and cheese. 4. Mix with pasta and serve."
"bread, butter, cheese",Grilled Cheese Sandwich,"bread, butter, cheese",1. Butter bread slices. 2. Add cheese between slices. 3. Grill until golden brown. 4. Serve hot.
"turmeric, cumin, rice, garlic, chicken, yogurt",Chicken Biryani,"chicken, rice, yogurt, garlic, cumin, turmeric",1. Marinate chicken in yogurt and spices. 2. Cook rice with spices. 3. Layer chicken and rice together. 4. Serve hot.
"banana, milk, honey",Banana Smoothie,"banana, milk, honey","1. Blend banana, milk, and honey. 2. Pour into a glass. 3. Serve chilled."
"cheese, egg, bacon, black pepper, spaghetti",Spaghetti Carbonara,"spaghetti, egg, cheese, bacon, black pepper",1. Boil spaghetti. 2. Cook bacon until crispy. 3. Mix eggs and cheese. 4. Combine everything and serve.
"butter, garlic, parsley",Garlic Bread,"bread, butter, garlic, parsley",1. Mix butter with minced garlic and parsley. 2. Spread on bread. 3. Bake until golden brown. 4. Serve hot.
"spring onion, egg, rice, soy sauce, garlic",Egg Fried Rice,"rice, egg, soy sauce, garlic, spring onion",1. Scramble eggs in a pan. 2. Add cooked rice and soy sauce. 3. Stir-fry with garlic and onions. 4. Serve hot.
"onion, butter, tomato",Tomato Soup,"tomato, garlic, onion, butter, black pepper",1. Sauté onions and garlic in butter. 2. Add chopped tomatoes and cook. 3. Blend smooth and season. 4. Serve hot.
"soy sauce, broccoli, olive oil, bell pepper, garlic, carrot",Vegetable Stir Fry,"broccoli, carrot, bell pepper, soy sauce, garlic, olive oil",1. Chop vegetables. 2. Stir-fry in olive oil. 3. Add soy sauce and garlic. 4. Cook until tender and serve.
"butter, egg, flour",Pancakes,"flour, milk, egg, sugar, butter","1. Mix flour, milk, egg, and sugar. 2. Cook on a greased pan. 3. Flip when bubbles appear. 4. Serve with butter and syrup."
"carrot, soy sauce, olive oil, garlic",Vegetable Stir Fry,"broccoli, carrot, bell pepper, soy sauce, garlic, olive oil",1. Chop vegetables. 2. Stir-fry in olive oil. 3. Add soy sauce and garlic. 4. Cook until tender and serve.
"garlic, bread, parsley, butter",Garlic Bread,"bread, butter, garlic, parsley",1. Mix butter with minced garlic and parsley. 2. Spread on bread. 3. Bake until golden brown. 4. Serve hot.
"cheese, black pepper, egg, spaghetti, bacon",Spaghetti Carbonara,"spaghetti, egg, cheese, bacon, black pepper",1. Boil spaghetti. 2. Cook bacon until crispy. 3. Mix eggs and cheese. 4. Combine everything and serve.
"bacon, spaghetti, cheese",Spaghetti Carbonara,"spaghetti, egg, cheese, bacon, black pepper",1. Boil spaghetti. 2. Cook bacon until crispy. 3. Mix eggs and cheese. 4. Combine everything and serve.
"garlic, pasta, cream",Chicken Alfredo,"chicken, pasta, cream, garlic, butter, parmesan cheese","1. Cook pasta. 2. Sauté chicken with garlic. 3. Add cream, butter, and cheese. 4. Mix with pasta and serve."
"milk, honey, banana",Banana Smoothie,"banana, milk, honey","1. Blend banana, milk, and honey. 2. Pour into a glass. 3. Serve chilled."
"parmesan cheese, chicken, garlic, cream",Chicken Alfredo,"chicken, pasta, cream, garlic, butter, parmesan cheese","1. Cook pasta. 2. Sauté chicken with garlic. 3. Add cream, butter, and cheese. 4. Mix with pasta and serve."
"cheese, bread, butter",Grilled Cheese Sandwich,"bread, butter, cheese",1. Butter bread slices. 2. Add cheese between slices. 3. Grill until golden brown. 4. Serve hot.
"sugar, flour, milk, butter, egg",Pancakes,"flour, milk, egg, sugar, butter","1. Mix flour, milk, egg, and sugar. 2. Cook on a greased pan. 3. Flip when bubbles appear. 4. Serve with butter and syrup."
"butter, pasta, cream, chicken, parmesan cheese",Chicken Alfredo,"chicken, pasta, cream, garlic, butter, parmesan cheese","1. Cook pasta. 2. Sauté chicken with garlic. 3. Add cream, butter, and cheese. 4. Mix with pasta and serve."
"bacon, egg, cheese, spaghetti, black pepper",Spaghetti Carbonara,"spaghetti, egg, cheese, bacon, black pepper",1. Boil spaghetti. 2. Cook bacon until crispy. 3. Mix eggs and cheese. 4. Combine everything and serve.
"chicken, cream, butter, pasta",Chicken Alfredo,"chicken, pasta, cream, garlic, butter, parmesan cheese","1. Cook pasta. 2. Sauté chicken with garlic. 3. Add cream, butter, and cheese. 4. Mix with pasta and serve."
"spring onion, soy sauce, garlic, rice, egg",Egg Fried Rice,"rice, egg, soy sauce, garlic, spring onion",1. Scramble eggs in a pan. 2. Add cooked rice and soy sauce. 3. Stir-fry with garlic and onions. 4. Serve hot.
"soy sauce, spring onion, rice",Egg Fried Rice,"rice, egg, soy sauce, garlic, spring onion",1. Scramble eggs in a pan. 2. Add cooked rice and soy sauce. 3. Stir-fry with garlic and onions. 4. Serve hot.
"milk, banana, honey",Banana Smoothie,"banana, milk, honey","1. Blend banana, milk, and honey. 2. Pour into a glass. 3. Serve chilled."
"rice, egg, spring onion",Egg Fried Rice,"rice, egg, soy sauce, garlic, spring onion",1. Scramble eggs in a pan. 2. Add cooked rice and soy sauce. 3. Stir-fry with garlic and onions. 4. Serve hot.
"black pepper, egg, bacon",Spaghetti Carbonara,"spaghetti, egg, cheese, bacon, black pepper",1. Boil spaghetti. 2. Cook bacon until crispy. 3. Mix eggs and cheese. 4. Combine everything and serve.
"bacon, egg, cheese, spaghetti, black pepper",Spaghetti Carbonara,"spaghetti, egg, cheese, bacon, black pepper",1. Boil spaghetti. 2. Cook bacon until crispy. 3. Mix eggs and cheese. 4. Combine everything and serve.
"butter, garlic, bread",Garlic Bread,"bread, butter, garlic, parsley",1. Mix butter with minced garlic and parsley. 2. Spread on bread. 3. Bake until golden brown. 4. Serve hot.
"banana, honey, milk",Banana Smoothie,"banana, milk, honey","1. Blend banana, milk, and honey. 2. Pour into a glass. 3. Serve chilled."
"milk, honey, banana",Banana Smoothie,"banana, milk, honey","1. Blend banana, milk, and honey. 2. Pour into a glass. 3. Serve chilled."
"parmesan cheese, cream, butter",Chicken Alfredo,"chicken, pasta, cream, garlic, butter, parmesan cheese","1. Cook pasta. 2. Sauté chicken with garlic. 3. Add cream, butter, and cheese. 4. Mix with pasta and serve."
"garlic, rice, spring onion",Egg Fried Rice,"rice, egg, soy sauce, garlic, spring onion",1. Scramble eggs in a pan. 2. Add cooked rice and soy sauce. 3. Stir-fry with garlic and onions. 4. Serve hot.
"milk, butter, flour",Pancakes,"flour, milk, egg, sugar, butter","1. Mix flour, milk, egg, and sugar. 2. Cook on a greased pan. 3. Flip when bubbles appear. 4. Serve with butter and syrup."
"butter, cream, parmesan cheese, chicken, garlic, pasta",Chicken Alfredo,"chicken, pasta, cream, garlic, butter, parmesan cheese","1. Cook pasta. 2. Sauté chicken with garlic. 3. Add cream, butter, and cheese. 4. Mix with pasta and serve."
"bell pepper, soy sauce, garlic, olive oil",Vegetable Stir Fry,"broccoli, carrot, bell pepper, soy sauce, garlic, olive oil",1. Chop vegetables. 2. Stir-fry in olive oil. 3. Add soy sauce and garlic. 4. Cook until tender and serve.
"soy sauce, spring onion, garlic, rice, egg",Egg Fried Rice,"rice, egg, soy sauce, garlic, spring onion",1. Scramble eggs in a pan. 2. Add cooked rice and soy sauce. 3. Stir-fry with garlic and onions. 4. Serve hot.
"bread, butter, cheese",Grilled Cheese Sandwich,"bread, butter, cheese",1. Butter bread slices. 2. Add cheese between slices. 3. Grill until golden brown. 4. Serve hot.
"yogurt, garlic, chicken, cumin",Chicken Biryani,"chicken, rice, yogurt, garlic, cumin, turmeric",1. Marinate chicken in yogurt and spices. 2. Cook rice with spices. 3. Layer chicken and rice together. 4. Serve hot.
"sugar, flour, egg, milk, butter",Pancakes,"flour, milk, egg, sugar, butter","1. Mix flour, milk, egg, and sugar. 2. Cook on a greased pan. 3. Flip when bubbles appear. 4. Serve with butter and syrup."
"onion, garlic, black pepper, butter, tomato",Tomato Soup,"tomato, garlic, onion, butter, black pepper",1. Sauté onions and garlic in butter. 2. Add chopped tomatoes and cook. 3. Blend smooth and season. 4. Serve hot.
"butter, onion, tomato, black pepper, garlic",Tomato Soup,"tomato, garlic, onion, butter, black pepper",1. Sauté onions and garlic in butter. 2. Add chopped tomatoes and cook. 3. Blend smooth and season. 4. Serve hot.
"turmeric, garlic, rice",Chicken Biryani,"chicken, rice, yogurt, garlic, cumin, turmeric",1. Marinate chicken in yogurt and spices. 2. Cook rice with spices. 3. Layer chicken and rice together. 4. Serve hot.
"bacon, egg, cheese, black pepper",Spaghetti Carbonara,"spaghetti, egg, cheese, bacon, black pepper",1. Boil spaghetti. 2. Cook bacon until crispy. 3. Mix eggs and cheese. 4. Combine everything and serve.
"spaghetti, bacon, cheese",Spaghetti Carbonara,"spaghetti, egg, cheese, bacon, black pepper",1. Boil spaghetti. 2. Cook bacon until crispy. 3. Mix eggs and cheese. 4. Combine everything and serve.
"parsley, butter, garlic",Garlic Bread,"bread, butter, garlic, parsley",1. Mix butter with minced garlic and parsley. 2. Spread on bread. 3. Bake until golden brown. 4. Serve hot.
"parsley, garlic, bread, butter",Garlic Bread,"bread, butter, garlic, parsley",1. Mix butter with minced garlic and parsley. 2. Spread on bread. 3. Bake until golden brown. 4. Serve hot.
"honey, banana, milk",Banana Smoothie,"banana, milk, honey","1. Blend banana, milk, and honey. 2. Pour into a glass. 3. Serve chilled."
"egg, rice, spring onion, soy sauce",Egg Fried Rice,"rice, egg, soy sauce, garlic, spring onion",1. Scramble eggs in a pan. 2. Add cooked rice and soy sauce. 3. Stir-fry with garlic and onions. 4. Serve hot.
"butter, parsley, garlic",Garlic Bread,"bread, butter, garlic, parsley",1. Mix butter with minced garlic and parsley. 2. Spread on bread. 3. Bake until golden brown. 4. Serve hot.
"garlic, onion, tomato, black pepper, butter",Tomato Soup,"tomato, garlic, onion, butter, black pepper",1. Sauté onions and garlic in butter. 2. Add chopped tomatoes and cook. 3. Blend smooth and season. 4. Serve hot.
"parsley, butter, bread",Garlic Bread,"bread, butter, garlic, parsley",1. Mix butter with minced garlic and parsley. 2. Spread on bread. 3. Bake until golden brown. 4. Serve hot.
"bread, cheese, butter",Grilled Cheese Sandwich,"bread, butter, cheese",1. Butter bread slices. 2. Add cheese between slices. 3. Grill until golden brown. 4. Serve hot.
"milk, sugar, egg, flour",Pancakes,"flour, milk, egg, sugar, butter","1. Mix flour, milk, egg, and sugar. 2. Cook on a greased pan. 3. Flip when bubbles appear. 4. Serve with butter and syrup."
"spaghetti, black pepper, bacon",Spaghetti Carbonara,"spaghetti, egg, cheese, bacon, black pepper",1. Boil spaghetti. 2. Cook bacon until crispy. 3. Mix eggs and cheese. 4. Combine everything and serve.
"egg, sugar, milk",Pancakes,"flour, milk, egg, sugar, butter","1. Mix flour, milk, egg, and sugar. 2. Cook on a greased pan. 3. Flip when bubbles appear. 4. Serve with butter and syrup."
"garlic, parsley, bread, butter",Garlic Bread,"bread, butter, garlic, parsley",1. Mix butter with minced garlic and parsley. 2. Spread on bread. 3. Bake until golden brown. 4. Serve hot.
"soy sauce, garlic, spring onion, egg, rice",Egg Fried Rice,"rice, egg, soy sauce, garlic, spring onion",1. Scramble eggs in a pan. 2. Add cooked rice and soy sauce. 3. Stir-fry with garlic and onions. 4. Serve hot.
"turmeric, garlic, yogurt",Chicken Biryani,"chicken, rice, yogurt, garlic, cumin, turmeric",1. Marinate chicken in yogurt and spices. 2. Cook rice with spices. 3. Layer chicken and rice together. 4. Serve hot.
"butter, bread, cheese",Grilled Cheese Sandwich,"bread, butter, cheese",1. Butter bread slices. 2. Add cheese between slices. 3. Grill until golden brown. 4. Serve hot.
"butter, pasta, chicken",Chicken Alfredo,"chicken, pasta, cream, garlic, butter, parmesan cheese","1. Cook pasta. 2. Sauté chicken with garlic. 3. Add cream, butter, and cheese. 4. Mix with pasta and serve."
"honey, banana, milk",Banana Smoothie,"banana, milk, honey","1. Blend banana, milk, and honey. 2. Pour into a glass. 3. Serve chilled."
"milk, honey, banana",Banana Smoothie,"banana, milk, honey","1. Blend banana, milk, and honey. 2. Pour into a glass. 3. Serve chilled."
"parmesan cheese, garlic, cream",Chicken Alfredo,"chicken, pasta, cream, garlic, butter, parmesan cheese","1. Cook pasta. 2. Sauté chicken with garlic. 3. Add cream, butter, and cheese. 4. Mix with pasta and serve."
"flour, egg, sugar",Pancakes,"flour, milk, egg, sugar, butter","1. Mix flour, milk, egg, and sugar. 2. Cook on a greased pan. 3. Flip when bubbles appear. 4. Serve with butter and syrup."
"bread, butter, cheese",Grilled Cheese Sandwich,"bread, butter, cheese",1. Butter bread slices. 2. Add cheese between slices. 3. Grill until golden brown. 4. Serve hot.
"garlic, rice, spring onion, soy sauce, egg",Egg Fried Rice,"rice, egg, soy sauce, garlic, spring onion",1. Scramble eggs in a pan. 2. Add cooked rice and soy sauce. 3. Stir-fry with garlic and onions. 4. Serve hot.
"bread, butter, cheese",Grilled Cheese Sandwich,"bread, butter, cheese",1. Butter bread slices. 2. Add cheese between slices. 3. Grill until golden brown. 4. Serve hot.
"butter, garlic, parsley, bread",Garlic Bread,"bread, butter, garlic, parsley",1. Mix butter with minced garlic and parsley. 2. Spread on bread. 3. Bake until golden brown. 4. Serve hot.
"butter, bread, garlic, parsley",Garlic Bread,"bread, butter, garlic, parsley",1. Mix butter with minced garlic and parsley. 2. Spread on bread. 3. Bake until golden brown. 4. Serve hot.
"garlic, spring onion, egg, rice",Egg Fried Rice,"rice, egg, soy sauce, garlic, spring onion",1. Scramble eggs in a pan. 2. Add cooked rice and soy sauce. 3. Stir-fry with garlic and onions. 4. Serve hot.
"garlic, chicken, yogurt, cumin",Chicken Biryani,"chicken, rice, yogurt, garlic, cumin, turmeric",1. Marinate chicken in yogurt and spices. 2. Cook rice with spices. 3. Layer chicken and rice together. 4. Serve hot.
"rice, chicken, cumin",Chicken Biryani,"chicken, rice, yogurt, garlic, cumin, turmeric",1. Marinate chicken in yogurt and spices. 2. Cook rice with spices. 3. Layer chicken and rice together. 4. Serve hot.
"butter, garlic, parsley, bread",Garlic Bread,"bread, butter, garlic, parsley",1. Mix butter with minced garlic and parsley. 2. Spread on bread. 3. Bake until golden brown. 4. Serve hot.
"spring onion, garlic, soy sauce, rice, egg",Egg Fried Rice,"rice, egg, soy sauce, garlic, spring onion",1. Scramble eggs in a pan. 2. Add cooked rice and soy sauce. 3. Stir-fry with garlic and onions. 4. Serve hot.
"butter, tomato, garlic, black pepper, onion",Tomato Soup,"tomato, garlic, onion, butter, black pepper",1. Sauté onions and garlic in butter. 2. Add chopped tomatoes and cook. 3. Blend smooth and season. 4. Serve hot.
"honey, milk, banana",Banana Smoothie,"banana, milk, honey","1. Blend banana, milk, and honey. 2. Pour into a glass. 3. Serve chilled."
"butter, tomato, onion, black pepper",Tomato Soup,"tomato, garlic, onion, butter, black pepper",1. Sauté onions and garlic in butter. 2. Add chopped tomatoes and cook. 3. Blend smooth and season. 4. Serve hot.
"honey, milk, banana",Banana Smoothie,"banana, milk, honey","1. Blend banana, milk, and honey. 2. Pour into a glass. 3. Serve chilled."
"cumin, rice, garlic",Chicken Biryani,"chicken, rice, yogurt, garlic, cumin, turmeric",1. Marinate chicken in yogurt and spices. 2. Cook rice with spices. 3. Layer chicken and rice together. 4. Serve hot.
"butter, bread, cheese",Grilled Cheese Sandwich,"bread, butter, cheese",1. Butter bread slices. 2. Add cheese between slices. 3. Grill until golden brown. 4. Serve hot.
"spaghetti, black pepper, egg, bacon",Spaghetti Carbonara,"spaghetti, egg, cheese, bacon, black pepper",1. Boil spaghetti. 2. Cook bacon until crispy. 3. Mix eggs and cheese. 4. Combine everything and serve.
"butter, black pepper, onion, tomato",Tomato Soup,"tomato, garlic, onion, butter, black pepper",1. Sauté onions and garlic in butter. 2. Add chopped tomatoes and cook. 3. Blend smooth and season. 4. Serve hot.
"garlic, bread, butter",Garlic Bread,"bread, butter, garlic, parsley",1. Mix butter with minced garlic and parsley. 2. Spread on bread. 3. Bake until golden brown. 4. Serve hot.
"rice, turmeric, garlic",Chicken Biryani,"chicken, rice, yogurt, garlic, cumin, turmeric",1. Marinate chicken in yogurt and spices. 2. Cook rice with spices. 3. Layer chicken and rice together. 4. Serve hot.
"cheese, bacon, spaghetti",Spaghetti Carbonara,"spaghetti, egg, cheese, bacon, black pepper",1. Boil spaghetti. 2. Cook bacon until crispy. 3. Mix eggs and cheese. 4. Combine everything and serve.
"sugar, milk, butter",Pancakes,"flour, milk, egg, sugar, butter","1. Mix flour, milk, egg, and sugar. 2. Cook on a greased pan. 3. Flip when bubbles appear. 4. Serve with butter and syrup."
"milk, banana, honey",Banana Smoothie,"banana, milk, honey","1. Blend banana, milk, and honey. 2. Pour into a glass. 3. Serve chilled."
"bacon, cheese, black pepper, egg, spaghetti",Spaghetti Carbonara,"spaghetti, egg, cheese, bacon, black pepper",1. Boil spaghetti. 2. Cook bacon until crispy. 3. Mix eggs and cheese. 4. Combine everything and serve.
"bread, cheese, butter",Grilled Cheese Sandwich,"bread, butter, cheese",1. Butter bread slices. 2. Add cheese between slices. 3. Grill until golden brown. 4. Serve hot.
"onion, garlic, butter",Tomato Soup,"tomato, garlic, onion, butter, black pepper",1. Sauté onions and garlic in butter. 2. Add chopped tomatoes and cook. 3. Blend smooth and season. 4. Serve hot.
"onion, black pepper, garlic",Tomato Soup,"tomato, garlic, onion, butter, black pepper",1. Sauté onions and garlic in butter. 2. Add chopped tomatoes and cook. 3. Blend smooth and season. 4. Serve hot.
"cheese, butter, bread",Grilled Cheese Sandwich,"bread, butter, cheese",1. Butter bread slices. 2. Add cheese between slices. 3. Grill until golden brown. 4. Serve hot.
"egg, milk, flour, sugar",Pancakes,"flour, milk, egg, sugar, butter","1. Mix flour, milk, egg, and sugar. 2. Cook on a greased pan. 3. Flip when bubbles appear. 4. Serve with butter and syrup."
"chicken, parmesan cheese, pasta, butter, garlic",Chicken Alfredo,"chicken, pasta, cream, garlic, butter, parmesan cheese","1. Cook pasta. 2. Sauté chicken with garlic. 3. Add cream, butter, and cheese. 4. Mix with pasta and serve."
"butter, cheese, bread",Grilled Cheese Sandwich,"bread, butter, cheese",1. Butter bread slices. 2. Add cheese between slices. 3. Grill until golden brown. 4. Serve hot.
"butter, chicken, garlic, parmesan cheese, cream, pasta",Chicken Alfredo,"chicken, pasta, cream, garlic, butter, parmesan cheese","1. Cook pasta. 2. Sauté chicken with garlic. 3. Add cream, butter, and cheese. 4. Mix with pasta and serve."
"butter, garlic, onion, tomato",Tomato Soup,"tomato, garlic, onion, butter, black pepper",1. Sauté onions and garlic in butter. 2. Add chopped tomatoes and cook. 3. Blend smooth and season. 4. Serve hot.
"rice, spring onion, soy sauce",Egg Fried Rice,"rice, egg, soy sauce, garlic, spring onion",1. Scramble eggs in a pan. 2. Add cooked rice and soy sauce. 3. Stir-fry with garlic and onions. 4. Serve hot.
"onion, garlic, butter, black pepper",Tomato Soup,"tomato, garlic, onion, butter, black pepper",1. Sauté onions and garlic in butter. 2. Add chopped tomatoes and cook. 3. Blend smooth and season. 4. Serve hot.
"parsley, butter, garlic",Garlic Bread,"bread, butter, garlic, parsley",1. Mix butter with minced garlic and parsley. 2. Spread on bread. 3. Bake until golden brown. 4. Serve hot.
"cream, garlic, butter, chicken, parmesan cheese",Chicken Alfredo,"chicken, pasta, cream, garlic, butter, parmesan cheese","1. Cook pasta. 2. Sauté chicken with garlic. 3. Add cream, butter, and cheese. 4. Mix with pasta and serve."
"black pepper, tomato, garlic",Tomato Soup,"tomato, garlic, onion, butter, black pepper",1. Sauté onions and garlic in butter. 2. Add chopped tomatoes and cook. 3. Blend smooth and season. 4. Serve hot.
"butter, cheese, bread",Grilled Cheese Sandwich,"bread, butter, cheese",1. Butter bread slices. 2. Add cheese between slices. 3. Grill until golden brown. 4. Serve hot.
"egg, sugar, butter, flour",Pancakes,"flour, milk, egg, sugar, butter","1. Mix flour, milk, egg, and sugar. 2. Cook on a greased pan. 3. Flip when bubbles appear. 4. Serve with butter and syrup."
"carrot, garlic, soy sauce, broccoli, olive oil",Vegetable Stir Fry,"broccoli, carrot, bell pepper, soy sauce, garlic, olive oil",1. Chop vegetables. 2. Stir-fry in olive oil. 3. Add soy sauce and garlic. 4. Cook until tender and serve.
"garlic, parsley, butter",Garlic Bread,"bread, butter, garlic, parsley",1. Mix butter with minced garlic and parsley. 2. Spread on bread. 3. Bake until golden brown. 4. Serve hot.
"bacon, spaghetti, black pepper, egg",Spaghetti Carbonara,"spaghetti, egg, cheese, bacon, black pepper",1. Boil spaghetti. 2. Cook bacon until crispy. 3. Mix eggs and cheese. 4. Combine everything and serve.
"tomato, onion, garlic",Tomato Soup,"tomato, garlic, onion, butter, black pepper",1. Sauté onions and garlic in butter. 2. Add chopped tomatoes and cook. 3. Blend smooth and season. 4. Serve hot.
"egg, soy sauce, garlic",Egg Fried Rice,"rice, egg, soy sauce, garlic, spring onion",1. Scramble eggs in a pan. 2. Add cooked rice and soy sauce. 3. Stir-fry with garlic and onions. 4. Serve hot.
"onion, garlic, butter",Tomato Soup,"tomato, garlic, onion, butter, black pepper",1. Sauté onions and garlic in butter. 2. Add chopped tomatoes and cook. 3. Blend smooth and season. 4. Serve hot.
"milk, banana, honey",Banana Smoothie,"banana, milk, honey","1. Blend banana, milk, and honey. 2. Pour into a glass. 3. Serve chilled."
"milk, sugar, butter, flour",Pancakes,"flour, milk, egg, sugar, butter","1. Mix flour, milk, egg, and sugar. 2. Cook on a greased pan. 3. Flip when bubbles appear. 4. Serve with butter and syrup."
"turmeric, garlic, rice",Chicken Biryani,"chicken, rice, yogurt, garlic, cumin, turmeric",1. Marinate chicken in yogurt and spices. 2. Cook rice with spices. 3. Layer chicken and rice together. 4. Serve hot.
"carrot, olive oil, bell pepper, soy sauce, garlic, broccoli",Vegetable Stir Fry,"broccoli, carrot, bell pepper, soy sauce, garlic, olive oil",1. Chop vegetables. 2. Stir-fry in olive oil. 3. Add soy sauce and garlic. 4. Cook until tender and serve.
"bread, cheese, butter",Grilled Cheese Sandwich,"bread, butter, cheese",1. Butter bread slices. 2. Add cheese between slices. 3. Grill until golden brown. 4. Serve hot.
"broccoli, carrot, bell pepper, garlic",Vegetable Stir Fry,"broccoli, carrot, bell pepper, soy sauce, garlic, olive oil",1. Chop vegetables. 2. Stir-fry in olive oil. 3. Add soy sauce and garlic. 4. Cook until tender and serve.
"bell pepper, soy sauce, garlic, carrot, broccoli, olive oil",Vegetable Stir Fry,"broccoli, carrot, bell pepper, soy sauce, garlic, olive oil",1. Chop vegetables. 2. Stir-fry in olive oil. 3. Add soy sauce and garlic. 4. Cook until tender and serve.
"black pepper, garlic, butter, tomato",Tomato Soup,"tomato, garlic, onion, butter, black pepper",1. Sauté onions and garlic in butter. 2. Add chopped tomatoes and cook. 3. Blend smooth and season. 4. Serve hot.
"black pepper, tomato, butter, garlic, onion",Tomato Soup,"tomato, garlic, onion, butter, black pepper",1. Sauté onions and garlic in butter. 2. Add chopped tomatoes and cook. 3. Blend smooth and season. 4. Serve hot.
"bread, butter, garlic",Garlic Bread,"bread, butter, garlic, parsley",1. Mix butter with minced garlic and parsley. 2. Spread on bread. 3. Bake until golden brown. 4. Serve hot.
"soy sauce, garlic, egg",Egg Fried Rice,"rice, egg, soy sauce, garlic, spring onion",1. Scramble eggs in a pan. 2. Add cooked rice and soy sauce. 3. Stir-fry with garlic and onions. 4. Serve hot.
"sugar, butter, milk, flour, egg",Pancakes,"flour, milk, egg, sugar, butter","1. Mix flour, milk, egg, and sugar. 2. Cook on a greased pan. 3. Flip when bubbles appear. 4. Serve with butter and syrup."
"cumin, garlic, turmeric",Chicken Biryani,"chicken, rice, yogurt, garlic, cumin, turmeric",1. Marinate chicken in yogurt and spices. 2. Cook rice with spices. 3. Layer chicken and rice together. 4. Serve hot.
"cheese, black pepper, bacon, spaghetti, egg",Spaghetti Carbonara,"spaghetti, egg, cheese, bacon, black pepper",1. Boil spaghetti. 2. Cook bacon until crispy. 3. Mix eggs and cheese. 4. Combine everything and serve.
"bread, parsley, garlic",Garlic Bread,"bread, butter, garlic, parsley",1. Mix butter with minced garlic and parsley. 2. Spread on bread. 3. Bake until golden brown. 4. Serve hot.
"broccoli, bell pepper, garlic, soy sauce, carrot",Vegetable Stir Fry,"broccoli, carrot, bell pepper, soy sauce, garlic, olive oil",1. Chop vegetables. 2. Stir-fry in olive oil. 3. Add soy sauce and garlic. 4. Cook until tender and serve.
"cheese, butter, bread",Grilled Cheese Sandwich,"bread, butter, cheese",1. Butter bread slices. 2. Add cheese between slices. 3. Grill until golden brown. 4. Serve hot.
"tomato, butter, onion, garlic",Tomato Soup,"tomato, garlic, onion, butter, black pepper",1. Sauté onions and garlic in butter. 2. Add chopped tomatoes and cook. 3. Blend smooth and season. 4. Serve hot.
"butter, cheese, bread",Grilled Cheese Sandwich,"bread, butter, cheese",1. Butter bread slices. 2. Add cheese between slices. 3. Grill until golden brown. 4. Serve hot.
"broccoli, soy sauce, carrot, bell pepper, garlic, olive oil",Vegetable Stir Fry,"broccoli, carrot, bell pepper, soy sauce, garlic, olive oil",1. Chop vegetables. 2. Stir-fry in olive oil. 3. Add soy sauce and garlic. 4. Cook until tender and serve.
"bell pepper, garlic, broccoli, soy sauce",Vegetable Stir Fry,"broccoli, carrot, bell pepper, soy sauce, garlic, olive oil",1. Chop vegetables. 2. Stir-fry in olive oil. 3. Add soy sauce and garlic. 4. Cook until tender and serve.
"butter, chicken, garlic, pasta, parmesan cheese",Chicken Alfredo,"chicken, pasta, cream, garlic, butter, parmesan cheese","1. Cook pasta. 2. Sauté chicken with garlic. 3. Add cream, butter, and cheese. 4. Mix with pasta and serve."
"banana, milk, honey",Banana Smoothie,"banana, milk, honey","1. Blend banana, milk, and honey. 2. Pour into a glass. 3. Serve chilled."
"bread, butter, cheese",Grilled Cheese Sandwich,"bread, butter, cheese",1. Butter bread slices. 2. Add cheese between slices. 3. Grill until golden brown. 4. Serve hot.
"garlic, butter, onion, black pepper, tomato",Tomato Soup,"tomato, garlic, onion, butter, black pepper",1. Sauté onions and garlic in butter. 2. Add chopped tomatoes and cook. 3. Blend smooth and season. 4. Serve hot.
"cumin, garlic, rice",Chicken Biryani,"chicken, rice, yogurt, garlic, cumin, turmeric",1. Marinate chicken in yogurt and spices. 2. Cook rice with spices. 3. Layer chicken and rice together. 4. Serve hot.
"cream, pasta, parmesan cheese, garlic, chicken",Chicken Alfredo,"chicken, pasta, cream, garlic, butter, parmesan cheese","1. Cook pasta. 2. Sauté chicken with garlic. 3. Add cream, butter, and cheese. 4. Mix with pasta and serve."
"bread, butter, cheese",Grilled Cheese Sandwich,"bread, butter, cheese",1. Butter bread slices. 2. Add cheese between slices. 3. Grill until golden brown. 4. Serve hot.
"butter, bread, cheese",Grilled Cheese Sandwich,"bread, butter, cheese",1. Butter bread slices. 2. Add cheese between slices. 3. Grill until golden brown. 4. Serve hot.
"soy sauce, olive oil, garlic, bell pepper",Vegetable Stir Fry,"broccoli, carrot, bell pepper, soy sauce, garlic, olive oil",1. Chop vegetables. 2. Stir-fry in olive oil. 3. Add soy sauce and garlic. 4. Cook until tender and serve.
"bacon, egg, cheese",Spaghetti Carbonara,"spaghetti, egg, cheese, bacon, black pepper",1. Boil spaghetti. 2. Cook bacon until crispy. 3. Mix eggs and cheese. 4. Combine everything and serve.
"butter, parsley, bread",Garlic Bread,"bread, butter, garlic, parsley",1. Mix butter with minced garlic and parsley. 2. Spread on bread. 3. Bake until golden brown. 4. Serve hot.
"olive oil, soy sauce, bell pepper",Vegetable Stir Fry,"broccoli, carrot, bell pepper, soy sauce, garlic, olive oil",1. Chop vegetables. 2. Stir-fry in olive oil. 3. Add soy sauce and garlic. 4. Cook until tender and serve.
"onion, tomato, butter, black pepper",Tomato Soup,"tomato, garlic, onion, butter, black pepper",1. Sauté onions and garlic in butter. 2. Add chopped tomatoes and cook. 3. Blend smooth and season. 4. Serve hot.
"soy sauce, olive oil, carrot, bell pepper, garlic, broccoli",Vegetable Stir Fry,"broccoli, carrot, bell pepper, soy sauce, garlic, olive oil",1. Chop vegetables. 2. Stir-fry in olive oil. 3. Add soy sauce and garlic. 4. Cook until tender and serve.
"cream, butter, parmesan cheese, garlic, pasta, chicken",Chicken Alfredo,"chicken, pasta, cream, garlic, butter, parmesan cheese","1. Cook pasta. 2. Sauté chicken with garlic. 3. Add cream, butter, and cheese. 4. Mix with pasta and serve."
"bread, parsley, butter, garlic",Garlic Bread,"bread, butter, garlic, parsley",1. Mix butter with minced garlic and parsley. 2. Spread on bread. 3. Bake until golden brown. 4. Serve hot.
"honey, milk, banana",Banana Smoothie,"banana, milk, honey","1. Blend banana, milk, and honey. 2. Pour into a glass. 3. Serve chilled."
"bell pepper, broccoli, olive oil, garlic",Vegetable Stir Fry,"broccoli, carrot, bell pepper, soy sauce, garlic, olive oil",1. Chop vegetables. 2. Stir-fry in olive oil. 3. Add soy sauce and garlic. 4. Cook until tender and serve.
"butter, cheese, bread",Grilled Cheese Sandwich,"bread, butter, cheese",1. Butter bread slices. 2. Add cheese between slices. 3. Grill until golden brown. 4. Serve hot.
"honey, milk, banana",Banana Smoothie,"banana, milk, honey","1. Blend banana, milk, and honey. 2. Pour into a glass. 3. Serve chilled."
"bread, garlic, butter, parsley",Garlic Bread,"bread, butter, garlic, parsley",1. Mix butter with minced garlic and parsley. 2. Spread on bread. 3. Bake until golden brown. 4. Serve hot.
"butter, cheese, bread",Grilled Cheese Sandwich,"bread, butter, cheese",1. Butter bread slices. 2. Add cheese between slices. 3. Grill until golden brown. 4. Serve hot.
"milk, banana, honey",Banana Smoothie,"banana, milk, honey","1. Blend banana, milk, and honey. 2. Pour into a glass. 3. Serve chilled."
"butter, tomato, onion, black pepper, garlic",Tomato Soup,"tomato, garlic, onion, butter, black pepper",1. Sauté onions and garlic in butter. 2. Add chopped tomatoes and cook. 3. Blend smooth and season. 4. Serve hot.
"bread, cheese, butter",Grilled Cheese Sandwich,"bread, butter, cheese",1. Butter bread slices. 2. Add cheese between slices. 3. Grill until golden brown. 4. Serve hot.
"honey, banana, milk",Banana Smoothie,"banana, milk, honey","1. Blend banana, milk, and honey. 2. Pour into a glass. 3. Serve chilled."
"banana, milk, honey",Banana Smoothie,"banana, milk, honey","1. Blend banana, milk, and honey. 2. Pour into a glass. 3. Serve chilled."
"bacon, egg, cheese, spaghetti, black pepper",Spaghetti Carbonara,"spaghetti, egg, cheese, bacon, black pepper",1. Boil spaghetti. 2. Cook bacon until crispy. 3. Mix eggs and cheese. 4. Combine everything and serve.
"spring onion, garlic, egg, rice, soy sauce",Egg Fried Rice,"rice, egg, soy sauce, garlic, spring onion",1. Scramble eggs in a pan. 2. Add cooked rice and soy sauce. 3. Stir-fry with garlic and onions. 4. Serve hot.
"black pepper, onion, tomato, butter, garlic",Tomato Soup,"tomato, garlic, onion, butter, black pepper",1. Sauté onions and garlic in butter. 2. Add chopped tomatoes and cook. 3. Blend smooth and season. 4. Serve hot.
"butter, cheese, bread",Grilled Cheese Sandwich,"bread, butter, cheese",1. Butter bread slices. 2. Add cheese between slices. 3. Grill until golden brown. 4. Serve hot.
"rice, egg, garlic, soy sauce",Egg Fried Rice,"rice, egg, soy sauce, garlic, spring onion",1. Scramble eggs in a pan. 2. Add cooked rice and soy sauce. 3. Stir-fry with garlic and onions. 4. Serve hot.
"garlic, soy sauce, carrot, bell pepper",Vegetable Stir Fry,"broccoli, carrot, bell pepper, soy sauce, garlic, olive oil",1. Chop vegetables. 2. Stir-fry in olive oil. 3. Add soy sauce and garlic. 4. Cook until tender and serve.
"garlic, butter, bread, parsley",Garlic Bread,"bread, butter, garlic, parsley",1. Mix butter with minced garlic and parsley. 2. Spread on bread. 3. Bake until golden brown. 4. Serve hot.
"turmeric, cumin, chicken, yogurt",Chicken Biryani,"chicken, rice, yogurt, garlic, cumin, turmeric",1. Marinate chicken in yogurt and spices. 2. Cook rice with spices. 3. Layer chicken and rice together. 4. Serve hot.
"yogurt, chicken, turmeric, rice, garlic, cumin",Chicken Biryani,"chicken, rice, yogurt, garlic, cumin, turmeric",1. Marinate chicken in yogurt and spices. 2. Cook rice with spices. 3. Layer chicken and rice together. 4. Serve hot.
"flour, sugar, egg, milk, butter",Pancakes,"flour, milk, egg, sugar, butter","1. Mix flour, milk, egg, and sugar. 2. Cook on a greased pan. 3. Flip when bubbles appear. 4. Serve with butter and syrup."
"milk, banana, honey",Banana Smoothie,"banana, milk, honey","1. Blend banana, milk, and honey. 2. Pour into a glass. 3. Serve chilled."
"bacon, egg, cheese",Spaghetti Carbonara,"spaghetti, egg, cheese, bacon, black pepper",1. Boil spaghetti. 2. Cook bacon until crispy. 3. Mix eggs and cheese. 4. Combine everything and serve.
"butter, bread, cheese",Grilled Cheese Sandwich,"bread, butter, cheese",1. Butter bread slices. 2. Add cheese between slices. 3. Grill until golden brown. 4. Serve hot.
"bacon, egg, cheese, black pepper, spaghetti",Spaghetti Carbonara,"spaghetti, egg, cheese, bacon, black pepper",1. Boil spaghetti. 2. Cook bacon until crispy. 3. Mix eggs and cheese. 4. Combine everything and serve.
"garlic, olive oil, broccoli, carrot",Vegetable Stir Fry,"broccoli, carrot, bell pepper, soy sauce, garlic, olive oil",1. Chop vegetables. 2. Stir-fry in olive oil. 3. Add soy sauce and garlic. 4. Cook until tender and serve.
"rice, yogurt, cumin",Chicken Biryani,"chicken, rice, yogurt, garlic, cumin, turmeric",1. Marinate chicken in yogurt and spices. 2. Cook rice with spices. 3. Layer chicken and rice together. 4. Serve hot.
"butter, garlic, bread, parsley",Garlic Bread,"bread, butter, garlic, parsley",1. Mix butter with minced garlic and parsley. 2. Spread on bread. 3. Bake until golden brown. 4. Serve hot.
"milk, honey, banana",Banana Smoothie,"banana, milk, honey","1. Blend banana, milk, and honey. 2. Pour into a glass. 3. Serve chilled."
"black pepper, onion, butter, garlic, tomato",Tomato Soup,"tomato, garlic, onion, butter, black pepper",1. Sauté onions and garlic in butter. 2. Add chopped tomatoes and cook. 3. Blend smooth and season. 4. Serve hot.
"garlic, onion, tomato, black pepper, butter",Tomato Soup,"tomato, garlic, onion, butter, black pepper",1. Sauté onions and garlic in butter. 2. Add chopped tomatoes and cook. 3. Blend smooth and season. 4. Serve hot.
"yogurt, rice, turmeric, cumin, garlic, chicken",Chicken Biryani,"chicken, rice, yogurt, garlic, cumin, turmeric",1. Marinate chicken in yogurt and spices. 2. Cook rice with spices. 3. Layer chicken and rice together. 4. Serve hot.
"egg, soy sauce, garlic",Egg Fried Rice,"rice, egg, soy sauce, garlic, spring onion",1. Scramble eggs in a pan. 2. Add cooked rice and soy sauce. 3. Stir-fry with garlic and onions. 4. Serve hot.
"olive oil, garlic, carrot, broccoli",Vegetable Stir Fry,"broccoli, carrot, bell pepper, soy sauce, garlic, olive oil",1. Chop vegetables. 2. Stir-fry in olive oil. 3. Add soy sauce and garlic. 4. Cook until tender and serve.
"butter, flour, egg, milk",Pancakes,"flour, milk, egg, sugar, butter","1. Mix flour, milk, egg, and sugar. 2. Cook on a greased pan. 3. Flip when bubbles appear. 4. Serve with butter and syrup."
"cheese, butter, bread",Grilled Cheese Sandwich,"bread, butter, cheese",1. Butter bread slices. 2. Add cheese between slices. 3. Grill until golden brown. 4. Serve hot.
"butter, garlic, parsley, bread",Garlic Bread,"bread, butter, garlic, parsley",1. Mix butter with minced garlic and parsley. 2. Spread on bread. 3. Bake until golden brown. 4. Serve hot.
"pasta, parmesan cheese, cream, chicken, butter",Chicken Alfredo,"chicken, pasta, cream, garlic, butter, parmesan cheese","1. Cook pasta. 2. Sauté chicken with garlic. 3. Add cream, butter, and cheese. 4. Mix with pasta and serve."
"banana, honey, milk",Banana Smoothie,"banana, milk, honey","1. Blend banana, milk, and honey. 2. Pour into a glass. 3. Serve chilled."
"parsley, butter, bread",Garlic Bread,"bread, butter, garlic, parsley",1. Mix butter with minced garlic and parsley. 2. Spread on bread. 3. Bake until golden brown. 4. Serve hot.
"garlic, tomato, onion, black pepper",Tomato Soup,"tomato, garlic, onion, butter, black pepper",1. Sauté onions and garlic in butter. 2. Add chopped tomatoes and cook. 3. Blend smooth and season. 4. Serve hot.
"egg, cheese, bacon, black pepper",Spaghetti Carbonara,"spaghetti, egg, cheese, bacon, black pepper",1. Boil spaghetti. 2. Cook bacon until crispy. 3. Mix eggs and cheese. 4. Combine everything and serve.
"cheese, bread, butter",Grilled Cheese Sandwich,"bread, butter, cheese",1. Butter bread slices. 2. Add cheese between slices. 3. Grill until golden brown. 4. Serve hot.
"milk, honey, banana",Banana Smoothie,"banana, milk, honey","1. Blend banana, milk, and honey. 2. Pour into a glass. 3. Serve chilled."
"flour, butter, milk",Pancakes,"flour, milk, egg, sugar, butter","1. Mix flour, milk, egg, and sugar. 2. Cook on a greased pan. 3. Flip when bubbles appear. 4. Serve with butter and syrup."
"soy sauce, rice, spring onion",Egg Fried Rice,"rice, egg, soy sauce, garlic, spring onion",1. Scramble eggs in a pan. 2. Add cooked rice and soy sauce. 3. Stir-fry with garlic and onions. 4. Serve hot.
"parsley, butter, bread",Garlic Bread,"bread, butter, garlic, parsley",1. Mix butter with minced garlic and parsley. 2. Spread on bread. 3. Bake until golden brown. 4. Serve hot.
"butter, cheese, bread",Grilled Cheese Sandwich,"bread, butter, cheese",1. Butter bread slices. 2. Add cheese between slices. 3. Grill until golden brown. 4. Serve hot.
"spring onion, soy sauce, rice",Egg Fried Rice,"rice, egg, soy sauce, garlic, spring onion",1. Scramble eggs in a pan. 2. Add cooked rice and soy sauce. 3. Stir-fry with garlic and onions. 4. Serve hot.
"bread, butter, parsley",Garlic Bread,"bread, butter, garlic, parsley",1. Mix butter with minced garlic and parsley. 2. Spread on bread. 3. Bake until golden brown. 4. Serve hot.
"butter, garlic, pasta, parmesan cheese",Chicken Alfredo,"chicken, pasta, cream, garlic, butter, parmesan cheese","1. Cook pasta. 2. Sauté chicken with garlic. 3. Add cream, butter, and cheese. 4. Mix with pasta and serve."
"cheese, butter, bread",Grilled Cheese Sandwich,"bread, butter, cheese",1. Butter bread slices. 2. Add cheese between slices. 3. Grill until golden brown. 4. Serve hot.
"onion, butter, garlic, tomato, black pepper",Tomato Soup,"tomato, garlic, onion, butter, black pepper",1. Sauté onions and garlic in butter. 2. Add chopped tomatoes and cook. 3. Blend smooth and season. 4. Serve hot.
"honey, milk, banana",Banana Smoothie,"banana, milk, honey","1. Blend banana, milk, and honey. 2. Pour into a glass. 3. Serve chilled."
"butter, garlic, onion, black pepper, tomato",Tomato Soup,"tomato, garlic, onion, butter, black pepper",1. Sauté onions and garlic in butter. 2. Add chopped tomatoes and cook. 3. Blend smooth and season. 4. Serve hot.
"cream, butter, garlic, parmesan cheese",Chicken Alfredo,"chicken, pasta, cream, garlic, butter, parmesan cheese","1. Cook pasta. 2. Sauté chicken with garlic. 3. Add cream, butter, and cheese. 4. Mix with pasta and serve."
"tomato, onion, butter, garlic, black pepper",Tomato Soup,"tomato, garlic, onion, butter, black pepper",1. Sauté onions and garlic in butter. 2. Add chopped tomatoes and cook. 3. Blend smooth and season. 4. Serve hot.
"milk, honey, banana",Banana Smoothie,"banana, milk, honey","1. Blend banana, milk, and honey. 2. Pour into a glass. 3. Serve chilled."
"cheese, butter, bread",Grilled Cheese Sandwich,"bread, butter, cheese",1. Butter bread slices. 2. Add cheese between slices. 3. Grill until golden brown. 4. Serve hot.
"carrot, olive oil, bell pepper, garlic, broccoli",Vegetable Stir Fry,"broccoli, carrot, bell pepper, soy sauce, garlic, olive oil",1. Chop vegetables. 2. Stir-fry in olive oil. 3. Add soy sauce and garlic. 4. Cook until tender and serve.
"bread, garlic, parsley",Garlic Bread,"bread, butter, garlic, parsley",1. Mix butter with minced garlic and parsley. 2. Spread on bread. 3. Bake until golden brown. 4. Serve hot.
"parsley, butter, garlic, bread",Garlic Bread,"bread, butter, garlic, parsley",1. Mix butter with minced garlic and parsley. 2. Spread on bread. 3. Bake until golden brown. 4. Serve hot.
"bread, butter, cheese",Grilled Cheese Sandwich,"bread, butter, cheese",1. Butter bread slices. 2. Add cheese between slices. 3. Grill until golden brown. 4. Serve hot.
"bread, garlic, parsley",Garlic Bread,"bread, butter, garlic, parsley",1. Mix butter with minced garlic and parsley. 2. Spread on bread. 3. Bake until golden brown. 4. Serve hot.
"cream, pasta, parmesan cheese, butter, garlic, chicken",Chicken Alfredo,"chicken, pasta, cream, garlic, butter, parmesan cheese","1. Cook pasta. 2. Sauté chicken with garlic. 3. Add cream, butter, and cheese. 4. Mix with pasta and serve."
"flour, butter, sugar, egg, milk",Pancakes,"flour, milk, egg, sugar, butter","1. Mix flour, milk, egg, and sugar. 2. Cook on a greased pan. 3. Flip when bubbles appear. 4. Serve with butter and syrup."
"tomato, onion, butter",Tomato Soup,"tomato, garlic, onion, butter, black pepper",1. Sauté onions and garlic in butter. 2. Add chopped tomatoes and cook. 3. Blend smooth and season. 4. Serve hot.
"cream, garlic, chicken",Chicken Alfredo,"chicken, pasta, cream, garlic, butter, parmesan cheese","1. Cook pasta. 2. Sauté chicken with garlic. 3. Add cream, butter, and cheese. 4. Mix with pasta and serve."
"carrot, soy sauce, garlic",Vegetable Stir Fry,"broccoli, carrot, bell pepper, soy sauce, garlic, olive oil",1. Chop vegetables. 2. Stir-fry in olive oil. 3. Add soy sauce and garlic. 4. Cook until tender and serve.
"milk, egg, sugar, flour, butter",Pancakes,"flour, milk, egg, sugar, butter","1. Mix flour, milk, egg, and sugar. 2. Cook on a greased pan. 3. Flip when bubbles appear. 4. Serve with butter and syrup."
"butter, garlic, black pepper, tomato, onion",Tomato Soup,"tomato, garlic, onion, butter, black pepper",1. Sauté onions and garlic in butter. 2. Add chopped tomatoes and cook. 3. Blend smooth and season. 4. Serve hot.
"egg, rice, spring onion, garlic",Egg Fried Rice,"rice, egg, soy sauce, garlic, spring onion",1. Scramble eggs in a pan. 2. Add cooked rice and soy sauce. 3. Stir-fry with garlic and onions. 4. Serve hot.
"garlic, soy sauce, carrot, olive oil, bell pepper",Vegetable Stir Fry,"broccoli, carrot, bell pepper, soy sauce, garlic, olive oil",1. Chop vegetables. 2. Stir-fry in olive oil. 3. Add soy sauce and garlic. 4. Cook until tender and serve.
"milk, flour, butter, sugar",Pancakes,"flour, milk, egg, sugar, butter","1. Mix flour, milk, egg, and sugar. 2. Cook on a greased pan. 3. Flip when bubbles appear. 4. Serve with butter and syrup."
"onion, garlic, butter, black pepper",Tomato Soup,"tomato, garlic, onion, butter, black pepper",1. Sauté onions and garlic in butter. 2. Add chopped tomatoes and cook. 3. Blend smooth and season. 4. Serve hot.
"milk, butter, sugar",Pancakes,"flour, milk, egg, sugar, butter","1. Mix flour, milk, egg, and sugar. 2. Cook on a greased pan. 3. Flip when bubbles appear. 4. Serve with butter and syrup."
"pasta, cream, garlic, chicken, parmesan cheese",Chicken Alfredo,"chicken, pasta, cream, garlic, butter, parmesan cheese","1. Cook pasta. 2. Sauté chicken with garlic. 3. Add cream, butter, and cheese. 4. Mix with pasta and serve."
"garlic, onion, black pepper, tomato",Tomato Soup,"tomato, garlic, onion, butter, black pepper",1. Sauté onions and garlic in butter. 2. Add chopped tomatoes and cook. 3. Blend smooth and season. 4. Serve hot.
"egg, butter, milk",Pancakes,"flour, milk, egg, sugar, butter","1. Mix flour, milk, egg, and sugar. 2. Cook on a greased pan. 3. Flip when bubbles appear. 4. Serve with butter and syrup."
"butter, cheese, bread",Grilled Cheese Sandwich,"bread, butter, cheese",1. Butter bread slices. 2. Add cheese between slices. 3. Grill until golden brown. 4. Serve hot.
"chicken, cream, butter, pasta",Chicken Alfredo,"chicken, pasta, cream, garlic, butter, parmesan cheese","1. Cook pasta. 2. Sauté chicken with garlic. 3. Add cream, butter, and cheese. 4. Mix with pasta and serve."
"yogurt, turmeric, cumin, rice",Chicken Biryani,"chicken, rice, yogurt, garlic, cumin, turmeric",1. Marinate chicken in yogurt and spices. 2. Cook rice with spices. 3. Layer chicken and rice together. 4. Serve hot.
"butter, milk, egg, sugar, flour",Pancakes,"flour, milk, egg, sugar, butter","1. Mix flour, milk, egg, and sugar. 2. Cook on a greased pan. 3. Flip when bubbles appear. 4. Serve with butter and syrup."
"bread, cheese, butter",Grilled Cheese Sandwich,"bread, butter, cheese",1. Butter bread slices. 2. Add cheese between slices. 3. Grill until golden brown. 4. Serve hot.
"sugar, milk, flour, egg",Pancakes,"flour, milk, egg, sugar, butter","1. Mix flour, milk, egg, and sugar. 2. Cook on a greased pan. 3. Flip when bubbles appear. 4. Serve with butter and syrup."
"black pepper, bacon, spaghetti",Spaghetti Carbonara,"spaghetti, egg, cheese, bacon, black pepper",1. Boil spaghetti. 2. Cook bacon until crispy. 3. Mix eggs and cheese. 4. Combine everything and serve.
"yogurt, chicken, turmeric, garlic, cumin, rice",Chicken Biryani,"chicken, rice, yogurt, garlic, cumin, turmeric",1. Marinate chicken in yogurt and spices. 2. Cook rice with spices. 3. Layer chicken and rice together. 4. Serve hot.
"bacon, black pepper, cheese, egg, spaghetti",Spaghetti Carbonara,"spaghetti, egg, cheese, bacon, black pepper",1. Boil spaghetti. 2. Cook bacon until crispy. 3. Mix eggs and cheese. 4. Combine everything and serve.
"garlic, spring onion, egg",Egg Fried Rice,"rice, egg, soy sauce, garlic, spring onion",1. Scramble eggs in a pan. 2. Add cooked rice and soy sauce. 3. Stir-fry with garlic and onions. 4. Serve hot.
"butter, cheese, bread",Grilled Cheese Sandwich,"bread, butter, cheese",1. Butter bread slices. 2. Add cheese between slices. 3. Grill until golden brown. 4. Serve hot.
"spring onion, rice, garlic, egg, soy sauce",Egg Fried Rice,"rice, egg, soy sauce, garlic, spring onion",1. Scramble eggs in a pan. 2. Add cooked rice and soy sauce. 3. Stir-fry with garlic and onions. 4. Serve hot.
"milk, flour, sugar, butter, egg",Pancakes,"flour, milk, egg, sugar, butter","1. Mix flour, milk, egg, and sugar. 2. Cook on a greased pan. 3. Flip when bubbles appear. 4. Serve with butter and syrup."
"bread, parsley, butter, garlic",Garlic Bread,"bread, butter, garlic, parsley",1. Mix butter with minced garlic and parsley. 2. Spread on bread. 3. Bake until golden brown. 4. Serve hot.
"bread, butter, cheese",Grilled Cheese Sandwich,"bread, butter, cheese",1. Butter bread slices. 2. Add cheese between slices. 3. Grill until golden brown. 4. Serve hot.
"cheese, bread, butter",Grilled Cheese Sandwich,"bread, butter, cheese",1. Butter bread slices. 2. Add cheese between slices. 3. Grill until golden brown. 4. Serve hot.
"broccoli, olive oil, garlic, bell pepper, carrot",Vegetable Stir Fry,"broccoli, carrot, bell pepper, soy sauce, garlic, olive oil",1. Chop vegetables. 2. Stir-fry in olive oil. 3. Add soy sauce and garlic. 4. Cook until tender and serve.
"turmeric, garlic, yogurt, cumin",Chicken Biryani,"chicken, rice, yogurt, garlic, cumin, turmeric",1. Marinate chicken in yogurt and spices. 2. Cook rice with spices. 3. Layer chicken and rice together. 4. Serve hot.
"honey, milk, banana",Banana Smoothie,"banana, milk, honey","1. Blend banana, milk, and honey. 2. Pour into a glass. 3. Serve chilled."
"rice, garlic, turmeric, chicken",Chicken Biryani,"chicken, rice, yogurt, garlic, cumin, turmeric",1. Marinate chicken in yogurt and spices. 2. Cook rice with spices. 3. Layer chicken and rice together. 4. Serve hot.
"carrot, broccoli, bell pepper, garlic, olive oil",Vegetable Stir Fry,"broccoli, carrot, bell pepper, soy sauce, garlic, olive oil",1. Chop vegetables. 2. Stir-fry in olive oil. 3. Add soy sauce and garlic. 4. Cook until tender and serve.
"tomato, garlic, onion",Tomato Soup,"tomato, garlic, onion, butter, black pepper",1. Sauté onions and garlic in butter. 2. Add chopped tomatoes and cook. 3. Blend smooth and season. 4. Serve hot.
"cumin, turmeric, garlic",Chicken Biryani,"chicken, rice, yogurt, garlic, cumin, turmeric",1. Marinate chicken in yogurt and spices. 2. Cook rice with spices. 3. Layer chicken and rice together. 4. Serve hot.
"rice, turmeric, garlic, yogurt, chicken",Chicken Biryani,"chicken, rice, yogurt, garlic, cumin, turmeric",1. Marinate chicken in yogurt and spices. 2. Cook rice with spices. 3. Layer chicken and rice together. 4. Serve hot.
"butter, onion, black pepper, garlic, tomato",Tomato Soup,"tomato, garlic, onion, butter, black pepper",1. Sauté onions and garlic in butter. 2. Add chopped tomatoes and cook. 3. Blend smooth and season. 4. Serve hot.
"banana, milk, honey",Banana Smoothie,"banana, milk, honey","1. Blend banana, milk, and honey. 2. Pour into a glass. 3. Serve chilled."
"cheese, black pepper, spaghetti",Spaghetti Carbonara,"spaghetti, egg, cheese, bacon, black pepper",1. Boil spaghetti. 2. Cook bacon until crispy. 3. Mix eggs and cheese. 4. Combine everything and serve.
"chicken, pasta, parmesan cheese",Chicken Alfredo,"chicken, pasta, cream, garlic, butter, parmesan cheese","1. Cook pasta. 2. Sauté chicken with garlic. 3. Add cream, butter, and cheese. 4. Mix with pasta and serve."
"parsley, garlic, bread",Garlic Bread,"bread, butter, garlic, parsley",1. Mix butter with minced garlic and parsley. 2. Spread on bread. 3. Bake until golden brown. 4. Serve hot.
"tomato, black pepper, butter, onion",Tomato Soup,"tomato, garlic, onion, butter, black pepper",1. Sauté onions and garlic in butter. 2. Add chopped tomatoes and cook. 3. Blend smooth and season. 4. Serve hot.
"parsley, garlic, bread, butter",Garlic Bread,"bread, butter, garlic, parsley",1. Mix butter with minced garlic and parsley. 2. Spread on bread. 3. Bake until golden brown. 4. Serve hot.
"butter, bread, garlic, parsley",Garlic Bread,"bread, butter, garlic, parsley",1. Mix butter with minced garlic and parsley. 2. Spread on bread. 3. Bake until golden brown. 4. Serve hot.
"garlic, tomato, black pepper, butter, onion",Tomato Soup,"tomato, garlic, onion, butter, black pepper",1. Sauté onions and garlic in butter. 2. Add chopped tomatoes and cook. 3. Blend smooth and season. 4. Serve hot.
"cheese, bread, butter",Grilled Cheese Sandwich,"bread, butter, cheese",1. Butter bread slices. 2. Add cheese between slices. 3. Grill until golden brown. 4. Serve hot.
"butter, parsley, garlic",Garlic Bread,"bread, butter, garlic, parsley",1. Mix butter with minced garlic and parsley. 2. Spread on bread. 3. Bake until golden brown. 4. Serve hot.
"onion, tomato, garlic, butter, black pepper",Tomato Soup,"tomato, garlic, onion, butter, black pepper",1. Sauté onions and garlic in butter. 2. Add chopped tomatoes and cook. 3. Blend smooth and season. 4. Serve hot.
"carrot, olive oil, broccoli, garlic, bell pepper, soy sauce",Vegetable Stir Fry,"broccoli, carrot, bell pepper, soy sauce, garlic, olive oil",1. Chop vegetables. 2. Stir-fry in olive oil. 3. Add soy sauce and garlic. 4. Cook until tender and serve.
"egg, sugar, milk",Pancakes,"flour, milk, egg, sugar, butter","1. Mix flour, milk, egg, and sugar. 2. Cook on a greased pan. 3. Flip when bubbles appear. 4. Serve with butter and syrup."
"black pepper, egg, bacon",Spaghetti Carbonara,"spaghetti, egg, cheese, bacon, black pepper",1. Boil spaghetti. 2. Cook bacon until crispy. 3. Mix eggs and cheese. 4. Combine everything and serve.
"chicken, garlic, rice, yogurt, turmeric",Chicken Biryani,"chicken, rice, yogurt, garlic, cumin, turmeric",1. Marinate chicken in yogurt and spices. 2. Cook rice with spices. 3. Layer chicken and rice together. 4. Serve hot.
"cheese, bread, butter",Grilled Cheese Sandwich,"bread, butter, cheese",1. Butter bread slices. 2. Add cheese between slices. 3. Grill until golden brown. 4. Serve hot.
"chicken, butter, garlic, parmesan cheese, cream",Chicken Alfredo,"chicken, pasta, cream, garlic, butter, parmesan cheese","1. Cook pasta. 2. Sauté chicken with garlic. 3. Add cream, butter, and cheese. 4. Mix with pasta and serve."
"garlic, broccoli, bell pepper, soy sauce",Vegetable Stir Fry,"broccoli, carrot, bell pepper, soy sauce, garlic, olive oil",1. Chop vegetables. 2. Stir-fry in olive oil. 3. Add soy sauce and garlic. 4. Cook until tender and serve.
"parmesan cheese, garlic, chicken, butter, pasta, cream",Chicken Alfredo,"chicken, pasta, cream, garlic, butter, parmesan cheese","1. Cook pasta. 2. Sauté chicken with garlic. 3. Add cream, butter, and cheese. 4. Mix with pasta and serve."
"carrot, bell pepper, garlic, olive oil, broccoli, soy sauce",Vegetable Stir Fry,"broccoli, carrot, bell pepper, soy sauce, garlic, olive oil",1. Chop vegetables. 2. Stir-fry in olive oil. 3. Add soy sauce and garlic. 4. Cook until tender and serve.
"flour, milk, sugar, egg, butter",Pancakes,"flour, milk, egg, sugar, butter","1. Mix flour, milk, egg, and sugar. 2. Cook on a greased pan. 3. Flip when bubbles appear. 4. Serve with butter and syrup."
"garlic, cumin, rice",Chicken Biryani,"chicken, rice, yogurt, garlic, cumin, turmeric",1. Marinate chicken in yogurt and spices. 2. Cook rice with spices. 3. Layer chicken and rice together. 4. Serve hot.
"egg, milk, butter, flour, sugar",Pancakes,"flour, milk, egg, sugar, butter","1. Mix flour, milk, egg, and sugar. 2. Cook on a greased pan. 3. Flip when bubbles appear. 4. Serve with butter and syrup."
"milk, banana, honey",Banana Smoothie,"banana, milk, honey","1. Blend banana, milk, and honey. 2. Pour into a glass. 3. Serve chilled."
"honey, milk, banana",Banana Smoothie,"banana, milk, honey","1. Blend banana, milk, and honey. 2. Pour into a glass. 3. Serve chilled."
"egg, milk, sugar, flour, butter",Pancakes,"flour, milk, egg, sugar, butter","1. Mix flour, milk, egg, and sugar. 2. Cook on a greased pan. 3. Flip when bubbles appear. 4. Serve with butter and syrup."
"butter, cream, chicken",Chicken Alfredo,"chicken, pasta, cream, garlic, butter, parmesan cheese","1. Cook pasta. 2. Sauté chicken with garlic. 3. Add cream, butter, and cheese. 4. Mix with pasta and serve."
"tomato, onion, garlic, black pepper",Tomato Soup,"tomato, garlic, onion, butter, black pepper",1. Sauté onions and garlic in butter. 2. Add chopped tomatoes and cook. 3. Blend smooth and season. 4. Serve hot.
"honey, banana, milk",Banana Smoothie,"banana, milk, honey","1. Blend banana, milk, and honey. 2. Pour into a glass. 3. Serve chilled."
"tomato, garlic, onion, black pepper",Tomato Soup,"tomato, garlic, onion, butter, black pepper",1. Sauté onions and garlic in butter. 2. Add chopped tomatoes and cook. 3. Blend smooth and season. 4. Serve hot.
"rice, chicken, yogurt, turmeric, cumin, garlic",Chicken Biryani,"chicken, rice, yogurt, garlic, cumin, turmeric",1. Marinate chicken in yogurt and spices. 2. Cook rice with spices. 3. Layer chicken and rice together. 4. Serve hot.
"soy sauce, garlic, olive oil, broccoli, carrot, bell pepper",Vegetable Stir Fry,"broccoli, carrot, bell pepper, soy sauce, garlic, olive oil",1. Chop vegetables. 2. Stir-fry in olive oil. 3. Add soy sauce and garlic. 4. Cook until tender and serve.
"garlic, bell pepper, olive oil, soy sauce, broccoli",Vegetable Stir Fry,"broccoli, carrot, bell pepper, soy sauce, garlic, olive oil",1. Chop vegetables. 2. Stir-fry in olive oil. 3. Add soy sauce and garlic. 4. Cook until tender and serve.
"garlic, parmesan cheese, butter",Chicken Alfredo,"chicken, pasta, cream, garlic, butter, parmesan cheese","1. Cook pasta. 2. Sauté chicken with garlic. 3. Add cream, butter, and cheese. 4. Mix with pasta and serve."
"black pepper, onion, garlic, butter, tomato",Tomato Soup,"tomato, garlic, onion, butter, black pepper",1. Sauté onions and garlic in butter. 2. Add chopped tomatoes and cook. 3. Blend smooth and season. 4. Serve hot.
"garlic, pasta, butter, parmesan cheese",Chicken Alfredo,"chicken, pasta, cream, garlic, butter, parmesan cheese","1. Cook pasta. 2. Sauté chicken with garlic. 3. Add cream, butter, and cheese. 4. Mix with pasta and serve."
"soy sauce, garlic, bell pepper, broccoli, carrot",Vegetable Stir Fry,"broccoli, carrot, bell pepper, soy sauce, garlic, olive oil",1. Chop vegetables. 2. Stir-fry in olive oil. 3. Add soy sauce and garlic. 4. Cook until tender and serve.
"cheese, butter, bread",Grilled Cheese Sandwich,"bread, butter, cheese",1. Butter bread slices. 2. Add cheese between slices. 3. Grill until golden brown. 4. Serve hot.
"black pepper, garlic, onion",Tomato Soup,"tomato, garlic, onion, butter, black pepper",1. Sauté onions and garlic in butter. 2. Add chopped tomatoes and cook. 3. Blend smooth and season. 4. Serve hot.
"butter, cheese, bread",Grilled Cheese Sandwich,"bread, butter, cheese",1. Butter bread slices. 2. Add cheese between slices. 3. Grill until golden brown. 4. Serve hot.
"milk, banana, honey",Banana Smoothie,"banana, milk, honey","1. Blend banana, milk, and honey. 2. Pour into a glass. 3. Serve chilled."
"sugar, flour, egg, butter, milk",Pancakes,"flour, milk, egg, sugar, butter","1. Mix flour, milk, egg, and sugar. 2. Cook on a greased pan. 3. Flip when bubbles appear. 4. Serve with butter and syrup."
"yogurt, garlic, rice, turmeric, cumin",Chicken Biryani,"chicken, rice, yogurt, garlic, cumin, turmeric",1. Marinate chicken in yogurt and spices. 2. Cook rice with spices. 3. Layer chicken and rice together. 4. Serve hot.
"milk, butter, flour, sugar",Pancakes,"flour, milk, egg, sugar, butter","1. Mix flour, milk, egg, and sugar. 2. Cook on a greased pan. 3. Flip when bubbles appear. 4. Serve with butter and syrup."
"honey, milk, banana",Banana Smoothie,"banana, milk, honey","1. Blend banana, milk, and honey. 2. Pour into a glass. 3. Serve chilled."
"banana, honey, milk",Banana Smoothie,"banana, milk, honey","1. Blend banana, milk, and honey. 2. Pour into a glass. 3. Serve chilled."
"tomato, garlic, butter, onion, black pepper",Tomato Soup,"tomato, garlic, onion, butter, black pepper",1. Sauté onions and garlic in butter. 2. Add chopped tomatoes and cook. 3. Blend smooth and season. 4. Serve hot.
"spaghetti, bacon, black pepper",Spaghetti Carbonara,"spaghetti, egg, cheese, bacon, black pepper",1. Boil spaghetti. 2. Cook bacon until crispy. 3. Mix eggs and cheese. 4. Combine everything and serve.
"sugar, egg, butter, flour, milk",Pancakes,"flour, milk, egg, sugar, butter","1. Mix flour, milk, egg, and sugar. 2. Cook on a greased pan. 3. Flip when bubbles appear. 4. Serve with butter and syrup."
"olive oil, broccoli, bell pepper, soy sauce, carrot",Vegetable Stir Fry,"broccoli, carrot, bell pepper, soy sauce, garlic, olive oil",1. Chop vegetables. 2. Stir-fry in olive oil. 3. Add soy sauce and garlic. 4. Cook until tender and serve.
"egg, butter, flour, milk, sugar",Pancakes,"flour, milk, egg, sugar, butter","1. Mix flour, milk, egg, and sugar. 2. Cook on a greased pan. 3. Flip when bubbles appear. 4. Serve with butter and syrup."
"garlic, yogurt, chicken, turmeric, cumin, rice",Chicken Biryani,"chicken, rice, yogurt, garlic, cumin, turmeric",1. Marinate chicken in yogurt and spices. 2. Cook rice with spices. 3. Layer chicken and rice together. 4. Serve hot.
"cheese, butter, bread",Grilled Cheese Sandwich,"bread, butter, cheese",1. Butter bread slices. 2. Add cheese between slices. 3. Grill until golden brown. 4. Serve hot.
"spring onion, egg, rice, garlic, soy sauce",Egg Fried Rice,"rice, egg, soy sauce, garlic, spring onion",1. Scramble eggs in a pan. 2. Add cooked rice and soy sauce. 3. Stir-fry with garlic and onions. 4. Serve hot.
"milk, butter, egg, sugar, flour",Pancakes,"flour, milk, egg, sugar, butter","1. Mix flour, milk, egg, and sugar. 2. Cook on a greased pan. 3. Flip when bubbles appear. 4. Serve with butter and syrup."
"egg, sugar, flour, butter, milk",Pancakes,"flour, milk, egg, sugar, butter","1. Mix flour, milk, egg, and sugar. 2. Cook on a greased pan. 3. Flip when bubbles appear. 4. Serve with butter and syrup."
"bell pepper, soy sauce, carrot",Vegetable Stir Fry,"broccoli, carrot, bell pepper, soy sauce, garlic, olive oil",1. Chop vegetables. 2. Stir-fry in olive oil. 3. Add soy sauce and garlic. 4. Cook until tender and serve.
"honey, milk, banana",Banana Smoothie,"banana, milk, honey","1. Blend banana, milk, and honey. 2. Pour into a glass. 3. Serve chilled."
"parmesan cheese, pasta, chicken",Chicken Alfredo,"chicken, pasta, cream, garlic, butter, parmesan cheese","1. Cook pasta. 2. Sauté chicken with garlic. 3. Add cream, butter, and cheese. 4. Mix with pasta and serve."
"bacon, egg, black pepper",Spaghetti Carbonara,"spaghetti, egg, cheese, bacon, black pepper",1. Boil spaghetti. 2. Cook bacon until crispy. 3. Mix eggs and cheese. 4. Combine everything and serve.
"spring onion, egg, rice",Egg Fried Rice,"rice, egg, soy sauce, garlic, spring onion",1. Scramble eggs in a pan. 2. Add cooked rice and soy sauce. 3. Stir-fry with garlic and onions. 4. Serve hot.
"butter, cheese, bread",Grilled Cheese Sandwich,"bread, butter, cheese",1. Butter bread slices. 2. Add cheese between slices. 3. Grill until golden brown. 4. Serve hot.
"cheese, butter, bread",Grilled Cheese Sandwich,"bread, butter, cheese",1. Butter bread slices. 2. Add cheese between slices. 3. Grill until golden brown. 4. Serve hot.
"garlic, rice, spring onion, soy sauce",Egg Fried Rice,"rice, egg, soy sauce, garlic, spring onion",1. Scramble eggs in a pan. 2. Add cooked rice and soy sauce. 3. Stir-fry with garlic and onions. 4. Serve hot.
"rice, chicken, garlic, yogurt, cumin",Chicken Biryani,"chicken, rice, yogurt, garlic, cumin, turmeric",1. Marinate chicken in yogurt and spices. 2. Cook rice with spices. 3. Layer chicken and rice together. 4. Serve hot.
"pasta, garlic, cream, parmesan cheese",Chicken Alfredo,"chicken, pasta, cream, garlic, butter, parmesan cheese","1. Cook pasta. 2. Sauté chicken with garlic. 3. Add cream, butter, and cheese. 4. Mix with pasta and serve."
"carrot, broccoli, soy sauce",Vegetable Stir Fry,"broccoli, carrot, bell pepper, soy sauce, garlic, olive oil",1. Chop vegetables. 2. Stir-fry in olive oil. 3. Add soy sauce and garlic. 4. Cook until tender and serve.
"flour, milk, sugar, butter, egg",Pancakes,"flour, milk, egg, sugar, butter","1. Mix flour, milk, egg, and sugar. 2. Cook on a greased pan. 3. Flip when bubbles appear. 4. Serve with butter and syrup."
"sugar, butter, flour",Pancakes,"flour, milk, egg, sugar, butter","1. Mix flour, milk, egg, and sugar. 2. Cook on a greased pan. 3. Flip when bubbles appear. 4. Serve with butter and syrup."
"honey, milk, banana",Banana Smoothie,"banana, milk, honey","1. Blend banana, milk, and honey. 2. Pour into a glass. 3. Serve chilled."
"garlic, bread, butter",Garlic Bread,"bread, butter, garlic, parsley",1. Mix butter with minced garlic and parsley. 2. Spread on bread. 3. Bake until golden brown. 4. Serve hot.
"butter, bread, cheese",Grilled Cheese Sandwich,"bread, butter, cheese",1. Butter bread slices. 2. Add cheese between slices. 3. Grill until golden brown. 4. Serve hot.
"garlic, rice, egg",Egg Fried Rice,"rice, egg, soy sauce, garlic, spring onion",1. Scramble eggs in a pan. 2. Add cooked rice and soy sauce. 3. Stir-fry with garlic and onions. 4. Serve hot.
"milk, sugar, butter",Pancakes,"flour, milk, egg, sugar, butter","1. Mix flour, milk, egg, and sugar. 2. Cook on a greased pan. 3. Flip when bubbles appear. 4. Serve with butter and syrup."
"bell pepper, broccoli, garlic, carrot, olive oil, soy sauce",Vegetable Stir Fry,"broccoli, carrot, bell pepper, soy sauce, garlic, olive oil",1. Chop vegetables. 2. Stir-fry in olive oil. 3. Add soy sauce and garlic. 4. Cook until tender and serve.
"butter, garlic, parsley, bread",Garlic Bread,"bread, butter, garlic, parsley",1. Mix butter with minced garlic and parsley. 2. Spread on bread. 3. Bake until golden brown. 4. Serve hot.
"butter, garlic, parsley, bread",Garlic Bread,"bread, butter, garlic, parsley",1. Mix butter with minced garlic and parsley. 2. Spread on bread. 3. Bake until golden brown. 4. Serve hot.
"chicken, garlic, butter, pasta, cream",Chicken Alfredo,"chicken, pasta, cream, garlic, butter, parmesan cheese","1. Cook pasta. 2. Sauté chicken with garlic. 3. Add cream, butter, and cheese. 4. Mix with pasta and serve."
"chicken, turmeric, cumin, garlic",Chicken Biryani,"chicken, rice, yogurt, garlic, cumin, turmeric",1. Marinate chicken in yogurt and spices. 2. Cook rice with spices. 3. Layer chicken and rice together. 4. Serve hot.
"spring onion, soy sauce, rice, egg, garlic",Egg Fried Rice,"rice, egg, soy sauce, garlic, spring onion",1. Scramble eggs in a pan. 2. Add cooked rice and soy sauce. 3. Stir-fry with garlic and onions. 4. Serve hot.
"bread, butter, cheese",Grilled Cheese Sandwich,"bread, butter, cheese",1. Butter bread slices. 2. Add cheese between slices. 3. Grill until golden brown. 4. Serve hot.
"garlic, tomato, butter, onion, black pepper",Tomato Soup,"tomato, garlic, onion, butter, black pepper",1. Sauté onions and garlic in butter. 2. Add chopped tomatoes and cook. 3. Blend smooth and season. 4. Serve hot.
"broccoli, carrot, olive oil, soy sauce, garlic",Vegetable Stir Fry,"broccoli, carrot, bell pepper, soy sauce, garlic, olive oil",1. Chop vegetables. 2. Stir-fry in olive oil. 3. Add soy sauce and garlic. 4. Cook until tender and serve.
"bacon, egg, cheese, black pepper, spaghetti",Spaghetti Carbonara,"spaghetti, egg, cheese, bacon, black pepper",1. Boil spaghetti. 2. Cook bacon until crispy. 3. Mix eggs and cheese. 4. Combine everything and serve.
"broccoli, bell pepper, soy sauce, carrot, olive oil, garlic",Vegetable Stir Fry,"broccoli, carrot, bell pepper, soy sauce, garlic, olive oil",1. Chop vegetables. 2. Stir-fry in olive oil. 3. Add soy sauce and garlic. 4. Cook until tender and serve.
"rice, yogurt, chicken, cumin",Chicken Biryani,"chicken, rice, yogurt, garlic, cumin, turmeric",1. Marinate chicken in yogurt and spices. 2. Cook rice with spices. 3. Layer chicken and rice together. 4. Serve hot.
"garlic, bread, parsley, butter",Garlic Bread,"bread, butter, garlic, parsley",1. Mix butter with minced garlic and parsley. 2. Spread on bread. 3. Bake until golden brown. 4. Serve hot.
"rice, egg, spring onion, garlic",Egg Fried Rice,"rice, egg, soy sauce, garlic, spring onion",1. Scramble eggs in a pan. 2. Add cooked rice and soy sauce. 3. Stir-fry with garlic and onions. 4. Serve hot.
"cream, chicken, parmesan cheese, butter, pasta, garlic",Chicken Alfredo,"chicken, pasta, cream, garlic, butter, parmesan cheese","1. Cook pasta. 2. Sauté chicken with garlic. 3. Add cream, butter, and cheese. 4. Mix with pasta and serve."
"cumin, yogurt, turmeric, chicken, garlic, rice",Chicken Biryani,"chicken, rice, yogurt, garlic, cumin, turmeric",1. Marinate chicken in yogurt and spices. 2. Cook rice with spices. 3. Layer chicken and rice together. 4. Serve hot.
"bacon, black pepper, cheese, spaghetti",Spaghetti Carbonara,"spaghetti, egg, cheese, bacon, black pepper",1. Boil spaghetti. 2. Cook bacon until crispy. 3. Mix eggs and cheese. 4. Combine everything and serve.
"butter, cream, pasta, parmesan cheese, chicken",Chicken Alfredo,"chicken, pasta, cream, garlic, butter, parmesan cheese","1. Cook pasta. 2. Sauté chicken with garlic. 3. Add cream, butter, and cheese. 4. Mix with pasta and serve."
"pasta, butter, cream",Chicken Alfredo,"chicken, pasta, cream, garlic, butter, parmesan cheese","1. Cook pasta. 2. Sauté chicken with garlic. 3. Add cream, butter, and cheese. 4. Mix with pasta and serve."
"cheese, egg, bacon",Spaghetti Carbonara,"spaghetti, egg, cheese, bacon, black pepper",1. Boil spaghetti. 2. Cook bacon until crispy. 3. Mix eggs and cheese. 4. Combine everything and serve.
"butter, bread, cheese",Grilled Cheese Sandwich,"bread, butter, cheese",1. Butter bread slices. 2. Add cheese between slices. 3. Grill until golden brown. 4. Serve hot.
"flour, egg, milk",Pancakes,"flour, milk, egg, sugar, butter","1. Mix flour, milk, egg, and sugar. 2. Cook on a greased pan. 3. Flip when bubbles appear. 4. Serve with butter and syrup."
"onion, tomato, butter",Tomato Soup,"tomato, garlic, onion, butter, black pepper",1. Sauté onions and garlic in butter. 2. Add chopped tomatoes and cook. 3. Blend smooth and season. 4. Serve hot.
"onion, butter, black pepper, tomato",Tomato Soup,"tomato, garlic, onion, butter, black pepper",1. Sauté onions and garlic in butter. 2. Add chopped tomatoes and cook. 3. Blend smooth and season. 4. Serve hot.
"rice, spring onion, garlic, egg, soy sauce",Egg Fried Rice,"rice, egg, soy sauce, garlic, spring onion",1. Scramble eggs in a pan. 2. Add cooked rice and soy sauce. 3. Stir-fry with garlic and onions. 4. Serve hot.
"cheese, bread, butter",Grilled Cheese Sandwich,"bread, butter, cheese",1. Butter bread slices. 2. Add cheese between slices. 3. Grill until golden brown. 4. Serve hot.
"garlic, rice, spring onion",Egg Fried Rice,"rice, egg, soy sauce, garlic, spring onion",1. Scramble eggs in a pan. 2. Add cooked rice and soy sauce. 3. Stir-fry with garlic and onions. 4. Serve hot.
"cumin, yogurt, garlic, chicken, rice, turmeric",Chicken Biryani,"chicken, rice, yogurt, garlic, cumin, turmeric",1. Marinate chicken in yogurt and spices. 2. Cook rice with spices. 3. Layer chicken and rice together. 4. Serve hot.
"banana, milk, honey",Banana Smoothie,"banana, milk, honey","1. Blend banana, milk, and honey. 2. Pour into a glass. 3. Serve chilled."
"garlic, egg, spring onion, soy sauce, rice",Egg Fried Rice,"rice, egg, soy sauce, garlic, spring onion",1. Scramble eggs in a pan. 2. Add cooked rice and soy sauce. 3. Stir-fry with garlic and onions. 4. Serve hot.
"butter, bread, parsley, garlic",Garlic Bread,"bread, butter, garlic, parsley",1. Mix butter with minced garlic and parsley. 2. Spread on bread. 3. Bake until golden brown. 4. Serve hot.
"garlic, parsley, butter, bread",Garlic Bread,"bread, butter, garlic, parsley",1. Mix butter with minced garlic and parsley. 2. Spread on bread. 3. Bake until golden brown. 4. Serve hot.
"garlic, parsley, bread, butter",Garlic Bread,"bread, butter, garlic, parsley",1. Mix butter with minced garlic and parsley. 2. Spread on bread. 3. Bake until golden brown. 4. Serve hot.
"black pepper, butter, onion",Tomato Soup,"tomato, garlic, onion, butter, black pepper",1. Sauté onions and garlic in butter. 2. Add chopped tomatoes and cook. 3. Blend smooth and season. 4. Serve hot.
"black pepper, onion, butter, garlic, tomato",Tomato Soup,"tomato, garlic, onion, butter, black pepper",1. Sauté onions and garlic in butter. 2. Add chopped tomatoes and cook. 3. Blend smooth and season. 4. Serve hot.
"chicken, pasta, garlic, cream, butter, parmesan cheese",Chicken Alfredo,"chicken, pasta, cream, garlic, butter, parmesan cheese","1. Cook pasta. 2. Sauté chicken with garlic. 3. Add cream, butter, and cheese. 4. Mix with pasta and serve."
"cream, pasta, butter",Chicken Alfredo,"chicken, pasta, cream, garlic, butter, parmesan cheese","1. Cook pasta. 2. Sauté chicken with garlic. 3. Add cream, butter, and cheese. 4. Mix with pasta and serve."
"chicken, garlic, butter, parmesan cheese, pasta, cream",Chicken Alfredo,"chicken, pasta, cream, garlic, butter, parmesan cheese","1. Cook pasta. 2. Sauté chicken with garlic. 3. Add cream, butter, and cheese. 4. Mix with pasta and serve."
"garlic, egg, rice, spring onion",Egg Fried Rice,"rice, egg, soy sauce, garlic, spring onion",1. Scramble eggs in a pan. 2. Add cooked rice and soy sauce. 3. Stir-fry with garlic and onions. 4. Serve hot.
"butter, tomato, garlic, black pepper, onion",Tomato Soup,"tomato, garlic, onion, butter, black pepper",1. Sauté onions and garlic in butter. 2. Add chopped tomatoes and cook. 3. Blend smooth and season. 4. Serve hot.
"honey, banana, milk",Banana Smoothie,"banana, milk, honey","1. Blend banana, milk, and honey. 2. Pour into a glass. 3. Serve chilled."
"honey, milk, banana",Banana Smoothie,"banana, milk, honey","1. Blend banana, milk, and honey. 2. Pour into a glass. 3. Serve chilled."
"banana, milk, honey",Banana Smoothie,"banana, milk, honey","1. Blend banana, milk, and honey. 2. Pour into a glass. 3. Serve chilled."
"milk, banana, honey",Banana Smoothie,"banana, milk, honey","1. Blend banana, milk, and honey. 2. Pour into a glass. 3. Serve chilled."
"chicken, cream, parmesan cheese, pasta, garlic",Chicken Alfredo,"chicken, pasta, cream, garlic, butter, parmesan cheese","1. Cook pasta. 2. Sauté chicken with garlic. 3. Add cream, butter, and cheese. 4. Mix with pasta and serve."
"black pepper, tomato, onion",Tomato Soup,"tomato, garlic, onion, butter, black pepper",1. Sauté onions and garlic in butter. 2. Add chopped tomatoes and cook. 3. Blend smooth and season. 4. Serve hot.
"bell pepper, olive oil, carrot, soy sauce",Vegetable Stir Fry,"broccoli, carrot, bell pepper, soy sauce, garlic, olive oil",1. Chop vegetables. 2. Stir-fry in olive oil. 3. Add soy sauce and garlic. 4. Cook until tender and serve.
"bell pepper, olive oil, carrot, garlic, broccoli",Vegetable Stir Fry,"broccoli, carrot, bell pepper, soy sauce, garlic, olive oil",1. Chop vegetables. 2. Stir-fry in olive oil. 3. Add soy sauce and garlic. 4. Cook until tender and serve.
"bacon, black pepper, spaghetti, cheese",Spaghetti Carbonara,"spaghetti, egg, cheese, bacon, black pepper",1. Boil spaghetti. 2. Cook bacon until crispy. 3. Mix eggs and cheese. 4. Combine everything and serve.
"tomato, onion, butter",Tomato Soup,"tomato, garlic, onion, butter, black pepper",1. Sauté onions and garlic in butter. 2. Add chopped tomatoes and cook. 3. Blend smooth and season. 4. Serve hot.
"garlic, parmesan cheese, butter, cream, chicken",Chicken Alfredo,"chicken, pasta, cream, garlic, butter, parmesan cheese","1. Cook pasta. 2. Sauté chicken with garlic. 3. Add cream, butter, and cheese. 4. Mix with pasta and serve."
"butter, chicken, parmesan cheese, garlic, pasta, cream",Chicken Alfredo,"chicken, pasta, cream, garlic, butter, parmesan cheese","1. Cook pasta. 2. Sauté chicken with garlic. 3. Add cream, butter, and cheese. 4. Mix with pasta and serve."
"bread, parsley, butter",Garlic Bread,"bread, butter, garlic, parsley",1. Mix butter with minced garlic and parsley. 2. Spread on bread. 3. Bake until golden brown. 4. Serve hot.
"butter, bread, parsley, garlic",Garlic Bread,"bread, butter, garlic, parsley",1. Mix butter with minced garlic and parsley. 2. Spread on bread. 3. Bake until golden brown. 4. Serve hot.
"egg, garlic, rice, soy sauce",Egg Fried Rice,"rice, egg, soy sauce, garlic, spring onion",1. Scramble eggs in a pan. 2. Add cooked rice and soy sauce. 3. Stir-fry with garlic and onions. 4. Serve hot.
"bread, parsley, garlic",Garlic Bread,"bread, butter, garlic, parsley",1. Mix butter with minced garlic and parsley. 2. Spread on bread. 3. Bake until golden brown. 4. Serve hot.
"butter, bread, cheese",Grilled Cheese Sandwich,"bread, butter, cheese",1. Butter bread slices. 2. Add cheese between slices. 3. Grill until golden brown. 4. Serve hot.
"chicken, cream, garlic, pasta, parmesan cheese, butter",Chicken Alfredo,"chicken, pasta, cream, garlic, butter, parmesan cheese","1. Cook pasta. 2. Sauté chicken with garlic. 3. Add cream, butter, and cheese. 4. Mix with pasta and serve."
"rice, garlic, cumin",Chicken Biryani,"chicken, rice, yogurt, garlic, cumin, turmeric",1. Marinate chicken in yogurt and spices. 2. Cook rice with spices. 3. Layer chicken and rice together. 4. Serve hot.
"bell pepper, garlic, olive oil",Vegetable Stir Fry,"broccoli, carrot, bell pepper, soy sauce, garlic, olive oil",1. Chop vegetables. 2. Stir-fry in olive oil. 3. Add soy sauce and garlic. 4. Cook until tender and serve.
"garlic, bread, parsley",Garlic Bread,"bread, butter, garlic, parsley",1. Mix butter with minced garlic and parsley. 2. Spread on bread. 3. Bake until golden brown. 4. Serve hot.
"olive oil, bell pepper, garlic",Vegetable Stir Fry,"broccoli, carrot, bell pepper, soy sauce, garlic, olive oil",1. Chop vegetables. 2. Stir-fry in olive oil. 3. Add soy sauce and garlic. 4. Cook until tender and serve.
"garlic, tomato, onion, black pepper, butter",Tomato Soup,"tomato, garlic, onion, butter, black pepper",1. Sauté onions and garlic in butter. 2. Add chopped tomatoes and cook. 3. Blend smooth and season. 4. Serve hot.
"carrot, broccoli, bell pepper, garlic, soy sauce",Vegetable Stir Fry,"broccoli, carrot, bell pepper, soy sauce, garlic, olive oil",1. Chop vegetables. 2. Stir-fry in olive oil. 3. Add soy sauce and garlic. 4. Cook until tender and serve.
"milk, banana, honey",Banana Smoothie,"banana, milk, honey","1. Blend banana, milk, and honey. 2. Pour into a glass. 3. Serve chilled."
"pasta, chicken, cream, garlic",Chicken Alfredo,"chicken, pasta, cream, garlic, butter, parmesan cheese","1. Cook pasta. 2. Sauté chicken with garlic. 3. Add cream, butter, and cheese. 4. Mix with pasta and serve."
"chicken, parmesan cheese, garlic, pasta, butter",Chicken Alfredo,"chicken, pasta, cream, garlic, butter, parmesan cheese","1. Cook pasta. 2. Sauté chicken with garlic. 3. Add cream, butter, and cheese. 4. Mix with pasta and serve."
"egg, soy sauce, spring onion, garlic, rice",Egg Fried Rice,"rice, egg, soy sauce, garlic, spring onion",1. Scramble eggs in a pan. 2. Add cooked rice and soy sauce. 3. Stir-fry with garlic and onions. 4. Serve hot.
"egg, sugar, butter, milk",Pancakes,"flour, milk, egg, sugar, butter","1. Mix flour, milk, egg, and sugar. 2. Cook on a greased pan. 3. Flip when bubbles appear. 4. Serve with butter and syrup."
"butter, cream, parmesan cheese, garlic, pasta",Chicken Alfredo,"chicken, pasta, cream, garlic, butter, parmesan cheese","1. Cook pasta. 2. Sauté chicken with garlic. 3. Add cream, butter, and cheese. 4. Mix with pasta and serve."
"broccoli, carrot, olive oil",Vegetable Stir Fry,"broccoli, carrot, bell pepper, soy sauce, garlic, olive oil",1. Chop vegetables. 2. Stir-fry in olive oil. 3. Add soy sauce and garlic. 4. Cook until tender and serve.
"garlic, bread, butter",Garlic Bread,"bread, butter, garlic, parsley",1. Mix butter with minced garlic and parsley. 2. Spread on bread. 3. Bake until golden brown. 4. Serve hot.
"rice, chicken, garlic, turmeric, yogurt",Chicken Biryani,"chicken, rice, yogurt, garlic, cumin, turmeric",1. Marinate chicken in yogurt and spices. 2. Cook rice with spices. 3. Layer chicken and rice together. 4. Serve hot.
"chicken, cumin, yogurt",Chicken Biryani,"chicken, rice, yogurt, garlic, cumin, turmeric",1. Marinate chicken in yogurt and spices. 2. Cook rice with spices. 3. Layer chicken and rice together. 4. Serve hot.
"turmeric, chicken, rice, garlic",Chicken Biryani,"chicken, rice, yogurt, garlic, cumin, turmeric",1. Marinate chicken in yogurt and spices. 2. Cook rice with spices. 3. Layer chicken and rice together. 4. Serve hot.
"soy sauce, broccoli, bell pepper, carrot, garlic",Vegetable Stir Fry,"broccoli, carrot, bell pepper, soy sauce, garlic, olive oil",1. Chop vegetables. 2. Stir-fry in olive oil. 3. Add soy sauce and garlic. 4. Cook until tender and serve.
"butter, garlic, parsley",Garlic Bread,"bread, butter, garlic, parsley",1. Mix butter with minced garlic and parsley. 2. Spread on bread. 3. Bake until golden brown. 4. Serve hot.
"milk, butter, egg, flour, sugar",Pancakes,"flour, milk, egg, sugar, butter","1. Mix flour, milk, egg, and sugar. 2. Cook on a greased pan. 3. Flip when bubbles appear. 4. Serve with butter and syrup."
"butter, sugar, egg, flour",Pancakes,"flour, milk, egg, sugar, butter","1. Mix flour, milk, egg, and sugar. 2. Cook on a greased pan. 3. Flip when bubbles appear. 4. Serve with butter and syrup."
"butter, cheese, bread",Grilled Cheese Sandwich,"bread, butter, cheese",1. Butter bread slices. 2. Add cheese between slices. 3. Grill until golden brown. 4. Serve hot.
"turmeric, cumin, rice, yogurt, chicken, garlic",Chicken Biryani,"chicken, rice, yogurt, garlic, cumin, turmeric",1. Marinate chicken in yogurt and spices. 2. Cook rice with spices. 3. Layer chicken and rice together. 4. Serve hot.
"spaghetti, black pepper, egg",Spaghetti Carbonara,"spaghetti, egg, cheese, bacon, black pepper",1. Boil spaghetti. 2. Cook bacon until crispy. 3. Mix eggs and cheese. 4. Combine everything and serve.
"cheese, bread, butter",Grilled Cheese Sandwich,"bread, butter, cheese",1. Butter bread slices. 2. Add cheese between slices. 3. Grill until golden brown. 4. Serve hot.
"milk, banana, honey",Banana Smoothie,"banana, milk, honey","1. Blend banana, milk, and honey. 2. Pour into a glass. 3. Serve chilled."
"butter, garlic, onion, black pepper",Tomato Soup,"tomato, garlic, onion, butter, black pepper",1. Sauté onions and garlic in butter. 2. Add chopped tomatoes and cook. 3. Blend smooth and season. 4. Serve hot.
"spaghetti, black pepper, bacon",Spaghetti Carbonara,"spaghetti, egg, cheese, bacon, black pepper",1. Boil spaghetti. 2. Cook bacon until crispy. 3. Mix eggs and cheese. 4. Combine everything and serve.
"black pepper, bacon, spaghetti",Spaghetti Carbonara,"spaghetti, egg, cheese, bacon, black pepper",1. Boil spaghetti. 2. Cook bacon until crispy. 3. Mix eggs and cheese. 4. Combine everything and serve.
"chicken, butter, pasta, garlic, cream, parmesan cheese",Chicken Alfredo,"chicken, pasta, cream, garlic, butter, parmesan cheese","1. Cook pasta. 2. Sauté chicken with garlic. 3. Add cream, butter, and cheese. 4. Mix with pasta and serve."
"parmesan cheese, garlic, pasta, cream, chicken",Chicken Alfredo,"chicken, pasta, cream, garlic, butter, parmesan cheese","1. Cook pasta. 2. Sauté chicken with garlic. 3. Add cream, butter, and cheese. 4. Mix with pasta and serve."
"butter, cheese, bread",Grilled Cheese Sandwich,"bread, butter, cheese",1. Butter bread slices. 2. Add cheese between slices. 3. Grill until golden brown. 4. Serve hot.
"bell pepper, soy sauce, olive oil, broccoli, carrot",Vegetable Stir Fry,"broccoli, carrot, bell pepper, soy sauce, garlic, olive oil",1. Chop vegetables. 2. Stir-fry in olive oil. 3. Add soy sauce and garlic. 4. Cook until tender and serve.
"bread, cheese, butter",Grilled Cheese Sandwich,"bread, butter, cheese",1. Butter bread slices. 2. Add cheese between slices. 3. Grill until golden brown. 4. Serve hot.
"butter, pasta, parmesan cheese",Chicken Alfredo,"chicken, pasta, cream, garlic, butter, parmesan cheese","1. Cook pasta. 2. Sauté chicken with garlic. 3. Add cream, butter, and cheese. 4. Mix with pasta and serve."
"garlic, broccoli, olive oil, soy sauce, bell pepper, carrot",Vegetable Stir Fry,"broccoli, carrot, bell pepper, soy sauce, garlic, olive oil",1. Chop vegetables. 2. Stir-fry in olive oil. 3. Add soy sauce and garlic. 4. Cook until tender and serve.
"turmeric, chicken, yogurt, cumin, garlic",Chicken Biryani,"chicken, rice, yogurt, garlic, cumin, turmeric",1. Marinate chicken in yogurt and spices. 2. Cook rice with spices. 3. Layer chicken and rice together. 4. Serve hot.
"garlic, rice, cumin, chicken, yogurt, turmeric",Chicken Biryani,"chicken, rice, yogurt, garlic, cumin, turmeric",1. Marinate chicken in yogurt and spices. 2. Cook rice with spices. 3. Layer chicken and rice together. 4. Serve hot.
"bell pepper, olive oil, broccoli, garlic",Vegetable Stir Fry,"broccoli, carrot, bell pepper, soy sauce, garlic, olive oil",1. Chop vegetables. 2. Stir-fry in olive oil. 3. Add soy sauce and garlic. 4. Cook until tender and serve.
"bell pepper, broccoli, garlic, carrot, olive oil, soy sauce",Vegetable Stir Fry,"broccoli, carrot, bell pepper, soy sauce, garlic, olive oil",1. Chop vegetables. 2. Stir-fry in olive oil. 3. Add soy sauce and garlic. 4. Cook until tender and serve.
"garlic, turmeric, cumin, chicken",Chicken Biryani,"chicken, rice, yogurt, garlic, cumin, turmeric",1. Marinate chicken in yogurt and spices. 2. Cook rice with spices. 3. Layer chicken and rice together. 4. Serve hot.
"chicken, rice, cumin, yogurt, garlic, turmeric",Chicken Biryani,"chicken, rice, yogurt, garlic, cumin, turmeric",1. Marinate chicken in yogurt and spices. 2. Cook rice with spices. 3. Layer chicken and rice together. 4. Serve hot.
"bread, parsley, garlic, butter",Garlic Bread,"bread, butter, garlic, parsley",1. Mix butter with minced garlic and parsley. 2. Spread on bread. 3. Bake until golden brown. 4. Serve hot.
"egg, butter, flour, sugar, milk",Pancakes,"flour, milk, egg, sugar, butter","1. Mix flour, milk, egg, and sugar. 2. Cook on a greased pan. 3. Flip when bubbles appear. 4. Serve with butter and syrup."
"turmeric, garlic, cumin, rice, yogurt",Chicken Biryani,"chicken, rice, yogurt, garlic, cumin, turmeric",1. Marinate chicken in yogurt and spices. 2. Cook rice with spices. 3. Layer chicken and rice together. 4. Serve hot.
"soy sauce, rice, egg, garlic",Egg Fried Rice,"rice, egg, soy sauce, garlic, spring onion",1. Scramble eggs in a pan. 2. Add cooked rice and soy sauce. 3. Stir-fry with garlic and onions. 4. Serve hot.
"cheese, butter, bread",Grilled Cheese Sandwich,"bread, butter, cheese",1. Butter bread slices. 2. Add cheese between slices. 3. Grill until golden brown. 4. Serve hot.
"egg, butter, milk, sugar",Pancakes,"flour, milk, egg, sugar, butter","1. Mix flour, milk, egg, and sugar. 2. Cook on a greased pan. 3. Flip when bubbles appear. 4. Serve with butter and syrup."
"black pepper, butter, tomato, garlic, onion",Tomato Soup,"tomato, garlic, onion, butter, black pepper",1. Sauté onions and garlic in butter. 2. Add chopped tomatoes and cook. 3. Blend smooth and season. 4. Serve hot.
"parmesan cheese, chicken, garlic, pasta, cream, butter",Chicken Alfredo,"chicken, pasta, cream, garlic, butter, parmesan cheese","1. Cook pasta. 2. Sauté chicken with garlic. 3. Add cream, butter, and cheese. 4. Mix with pasta and serve."
"turmeric, chicken, rice, yogurt, garlic, cumin",Chicken Biryani,"chicken, rice, yogurt, garlic, cumin, turmeric",1. Marinate chicken in yogurt and spices. 2. Cook rice with spices. 3. Layer chicken and rice together. 4. Serve hot.
"bread, butter, cheese",Grilled Cheese Sandwich,"bread, butter, cheese",1. Butter bread slices. 2. Add cheese between slices. 3. Grill until golden brown. 4. Serve hot.
"milk, honey, banana",Banana Smoothie,"banana, milk, honey","1. Blend banana, milk, and honey. 2. Pour into a glass. 3. Serve chilled."
"parsley, garlic, butter, bread",Garlic Bread,"bread, butter, garlic, parsley",1. Mix butter with minced garlic and parsley. 2. Spread on bread. 3. Bake until golden brown. 4. Serve hot.
"cheese, bacon, egg, spaghetti",Spaghetti Carbonara,"spaghetti, egg, cheese, bacon, black pepper",1. Boil spaghetti. 2. Cook bacon until crispy. 3. Mix eggs and cheese. 4. Combine everything and serve.
"cream, parmesan cheese, butter, garlic",Chicken Alfredo,"chicken, pasta, cream, garlic, butter, parmesan cheese","1. Cook pasta. 2. Sauté chicken with garlic. 3. Add cream, butter, and cheese. 4. Mix with pasta and serve."
"garlic, carrot, olive oil, bell pepper, broccoli, soy sauce",Vegetable Stir Fry,"broccoli, carrot, bell pepper, soy sauce, garlic, olive oil",1. Chop vegetables. 2. Stir-fry in olive oil. 3. Add soy sauce and garlic. 4. Cook until tender and serve.
"egg, butter, sugar, milk",Pancakes,"flour, milk, egg, sugar, butter","1. Mix flour, milk, egg, and sugar. 2. Cook on a greased pan. 3. Flip when bubbles appear. 4. Serve with butter and syrup."
"butter, pasta, parmesan cheese, garlic, cream, chicken",Chicken Alfredo,"chicken, pasta, cream, garlic, butter, parmesan cheese","1. Cook pasta. 2. Sauté chicken with garlic. 3. Add cream, butter, and cheese. 4. Mix with pasta and serve."
"cheese, bread, butter",Grilled Cheese Sandwich,"bread, butter, cheese",1. Butter bread slices. 2. Add cheese between slices. 3. Grill until golden brown. 4. Serve hot.
"honey, milk, banana",Banana Smoothie,"banana, milk, honey","1. Blend banana, milk, and honey. 2. Pour into a glass. 3. Serve chilled."
"butter, cheese, bread",Grilled Cheese Sandwich,"bread, butter, cheese",1. Butter bread slices. 2. Add cheese between slices. 3. Grill until golden brown. 4. Serve hot.
"black pepper, garlic, onion",Tomato Soup,"tomato, garlic, onion, butter, black pepper",1. Sauté onions and garlic in butter. 2. Add chopped tomatoes and cook. 3. Blend smooth and season. 4. Serve hot.
"garlic, bread, butter",Garlic Bread,"bread, butter, garlic, parsley",1. Mix butter with minced garlic and parsley. 2. Spread on bread. 3. Bake until golden brown. 4. Serve hot.
"milk, banana, honey",Banana Smoothie,"banana, milk, honey","1. Blend banana, milk, and honey. 2. Pour into a glass. 3. Serve chilled."
"egg, sugar, milk, flour",Pancakes,"flour, milk, egg, sugar, butter","1. Mix flour, milk, egg, and sugar. 2. Cook on a greased pan. 3. Flip when bubbles appear. 4. Serve with butter and syrup."
"butter, black pepper, garlic",Tomato Soup,"tomato, garlic, onion, butter, black pepper",1. Sauté onions and garlic in butter. 2. Add chopped tomatoes and cook. 3. Blend smooth and season. 4. Serve hot.
"honey, banana, milk",Banana Smoothie,"banana, milk, honey","1. Blend banana, milk, and honey. 2. Pour into a glass. 3. Serve chilled."
"soy sauce, spring onion, garlic, rice, egg",Egg Fried Rice,"rice, egg, soy sauce, garlic, spring onion",1. Scramble eggs in a pan. 2. Add cooked rice and soy sauce. 3. Stir-fry with garlic and onions. 4. Serve hot.
"garlic, parsley, bread, butter",Garlic Bread,"bread, butter, garlic, parsley",1. Mix butter with minced garlic and parsley. 2. Spread on bread. 3. Bake until golden brown. 4. Serve hot.
"parmesan cheese, butter, garlic, pasta, cream, chicken",Chicken Alfredo,"chicken, pasta, cream, garlic, butter, parmesan cheese","1. Cook pasta. 2. Sauté chicken with garlic. 3. Add cream, butter, and cheese. 4. Mix with pasta and serve."
"cream, butter, garlic, chicken, parmesan cheese, pasta",Chicken Alfredo,"chicken, pasta, cream, garlic, butter, parmesan cheese","1. Cook pasta. 2. Sauté chicken with garlic. 3. Add cream, butter, and cheese. 4. Mix with pasta and serve."
"butter, parsley, bread",Garlic Bread,"bread, butter, garlic, parsley",1. Mix butter with minced garlic and parsley. 2. Spread on bread. 3. Bake until golden brown. 4. Serve hot.
"pasta, butter, cream, parmesan cheese, garlic",Chicken Alfredo,"chicken, pasta, cream, garlic, butter, parmesan cheese","1. Cook pasta. 2. Sauté chicken with garlic. 3. Add cream, butter, and cheese. 4. Mix with pasta and serve."
"yogurt, cumin, chicken, turmeric",Chicken Biryani,"chicken, rice, yogurt, garlic, cumin, turmeric",1. Marinate chicken in yogurt and spices. 2. Cook rice with spices. 3. Layer chicken and rice together. 4. Serve hot.
"cheese, egg, bacon, spaghetti, black pepper",Spaghetti Carbonara,"spaghetti, egg, cheese, bacon, black pepper",1. Boil spaghetti. 2. Cook bacon until crispy. 3. Mix eggs and cheese. 4. Combine everything and serve.
"garlic, pasta, chicken",Chicken Alfredo,"chicken, pasta, cream, garlic, butter, parmesan cheese","1. Cook pasta. 2. Sauté chicken with garlic. 3. Add cream, butter, and cheese. 4. Mix with pasta and serve."
"cheese, bacon, egg",Spaghetti Carbonara,"spaghetti, egg, cheese, bacon, black pepper",1. Boil spaghetti. 2. Cook bacon until crispy. 3. Mix eggs and cheese. 4. Combine everything and serve.
"rice, yogurt, garlic, cumin, turmeric",Chicken Biryani,"chicken, rice, yogurt, garlic, cumin, turmeric",1. Marinate chicken in yogurt and spices. 2. Cook rice with spices. 3. Layer chicken and rice together. 4. Serve hot.
"garlic, egg, spring onion, rice, soy sauce",Egg Fried Rice,"rice, egg, soy sauce, garlic, spring onion",1. Scramble eggs in a pan. 2. Add cooked rice and soy sauce. 3. Stir-fry with garlic and onions. 4. Serve hot.
"butter, parsley, bread, garlic",Garlic Bread,"bread, butter, garlic, parsley",1. Mix butter with minced garlic and parsley. 2. Spread on bread. 3. Bake until golden brown. 4. Serve hot.
"broccoli, carrot, olive oil, bell pepper",Vegetable Stir Fry,"broccoli, carrot, bell pepper, soy sauce, garlic, olive oil",1. Chop vegetables. 2. Stir-fry in olive oil. 3. Add soy sauce and garlic. 4. Cook until tender and serve.
"garlic, turmeric, yogurt, rice, cumin, chicken",Chicken Biryani,"chicken, rice, yogurt, garlic, cumin, turmeric",1. Marinate chicken in yogurt and spices. 2. Cook rice with spices. 3. Layer chicken and rice together. 4. Serve hot.
"carrot, garlic, soy sauce, olive oil, bell pepper",Vegetable Stir Fry,"broccoli, carrot, bell pepper, soy sauce, garlic, olive oil",1. Chop vegetables. 2. Stir-fry in olive oil. 3. Add soy sauce and garlic. 4. Cook until tender and serve.
"milk, egg, butter, flour",Pancakes,"flour, milk, egg, sugar, butter","1. Mix flour, milk, egg, and sugar. 2. Cook on a greased pan. 3. Flip when bubbles appear. 4. Serve with butter and syrup."
"cream, garlic, butter, pasta, parmesan cheese",Chicken Alfredo,"chicken, pasta, cream, garlic, butter, parmesan cheese","1. Cook pasta. 2. Sauté chicken with garlic. 3. Add cream, butter, and cheese. 4. Mix with pasta and serve."
"garlic, egg, soy sauce, rice",Egg Fried Rice,"rice, egg, soy sauce, garlic, spring onion",1. Scramble eggs in a pan. 2. Add cooked rice and soy sauce. 3. Stir-fry with garlic and onions. 4. Serve hot.
"olive oil, bell pepper, soy sauce, garlic, broccoli",Vegetable Stir Fry,"broccoli, carrot, bell pepper, soy sauce, garlic, olive oil",1. Chop vegetables. 2. Stir-fry in olive oil. 3. Add soy sauce and garlic. 4. Cook until tender and serve.
"garlic, broccoli, olive oil",Vegetable Stir Fry,"broccoli, carrot, bell pepper, soy sauce, garlic, olive oil",1. Chop vegetables. 2. Stir-fry in olive oil. 3. Add soy sauce and garlic. 4. Cook until tender and serve.
"soy sauce, rice, egg, garlic",Egg Fried Rice,"rice, egg, soy sauce, garlic, spring onion",1. Scramble eggs in a pan. 2. Add cooked rice and soy sauce. 3. Stir-fry with garlic and onions. 4. Serve hot.
"tomato, black pepper, garlic",Tomato Soup,"tomato, garlic, onion, butter, black pepper",1. Sauté onions and garlic in butter. 2. Add chopped tomatoes and cook. 3. Blend smooth and season. 4. Serve hot.
"cheese, butter, bread",Grilled Cheese Sandwich,"bread, butter, cheese",1. Butter bread slices. 2. Add cheese between slices. 3. Grill until golden brown. 4. Serve hot.
"bacon, cheese, black pepper",Spaghetti Carbonara,"spaghetti, egg, cheese, bacon, black pepper",1. Boil spaghetti. 2. Cook bacon until crispy. 3. Mix eggs and cheese. 4. Combine everything and serve.
"bread, butter, cheese",Grilled Cheese Sandwich,"bread, butter, cheese",1. Butter bread slices. 2. Add cheese between slices. 3. Grill until golden brown. 4. Serve hot.
"parsley, garlic, bread, butter",Garlic Bread,"bread, butter, garlic, parsley",1. Mix butter with minced garlic and parsley. 2. Spread on bread. 3. Bake until golden brown. 4. Serve hot.
"garlic, pasta, chicken, butter, parmesan cheese",Chicken Alfredo,"chicken, pasta, cream, garlic, butter, parmesan cheese","1. Cook pasta. 2. Sauté chicken with garlic. 3. Add cream, butter, and cheese. 4. Mix with pasta and serve."
"butter, onion, garlic, black pepper, tomato",Tomato Soup,"tomato, garlic, onion, butter, black pepper",1. Sauté onions and garlic in butter. 2. Add chopped tomatoes and cook. 3. Blend smooth and season. 4. Serve hot.
"butter, garlic, bread, parsley",Garlic Bread,"bread, butter, garlic, parsley",1. Mix butter with minced garlic and parsley. 2. Spread on bread. 3. Bake until golden brown. 4. Serve hot.
"banana, honey, milk",Banana Smoothie,"banana, milk, honey","1. Blend banana, milk, and honey. 2. Pour into a glass. 3. Serve chilled."
"pasta, parmesan cheese, cream, chicken, garlic",Chicken Alfredo,"chicken, pasta, cream, garlic, butter, parmesan cheese","1. Cook pasta. 2. Sauté chicken with garlic. 3. Add cream, butter, and cheese. 4. Mix with pasta and serve."
"garlic, onion, tomato",Tomato Soup,"tomato, garlic, onion, butter, black pepper",1. Sauté onions and garlic in butter. 2. Add chopped tomatoes and cook. 3. Blend smooth and season. 4. Serve hot.
"butter, cheese, bread",Grilled Cheese Sandwich,"bread, butter, cheese",1. Butter bread slices. 2. Add cheese between slices. 3. Grill until golden brown. 4. Serve hot.
"garlic, cream, chicken",Chicken Alfredo,"chicken, pasta, cream, garlic, butter, parmesan cheese","1. Cook pasta. 2. Sauté chicken with garlic. 3. Add cream, butter, and cheese. 4. Mix with pasta and serve."
"butter, bread, cheese",Grilled Cheese Sandwich,"bread, butter, cheese",1. Butter bread slices. 2. Add cheese between slices. 3. Grill until golden brown. 4. Serve hot.
"spring onion, rice, garlic",Egg Fried Rice,"rice, egg, soy sauce, garlic, spring onion",1. Scramble eggs in a pan. 2. Add cooked rice and soy sauce. 3. Stir-fry with garlic and onions. 4. Serve hot.
"butter, milk, flour",Pancakes,"flour, milk, egg, sugar, butter","1. Mix flour, milk, egg, and sugar. 2. Cook on a greased pan. 3. Flip when bubbles appear. 4. Serve with butter and syrup."
"flour, egg, butter, milk",Pancakes,"flour, milk, egg, sugar, butter","1. Mix flour, milk, egg, and sugar. 2. Cook on a greased pan. 3. Flip when bubbles appear. 4. Serve with butter and syrup."
"sugar, egg, flour",Pancakes,"flour, milk, egg, sugar, butter","1. Mix flour, milk, egg, and sugar. 2. Cook on a greased pan. 3. Flip when bubbles appear. 4. Serve with butter and syrup."
"sugar, butter, egg, milk, flour",Pancakes,"flour, milk, egg, sugar, butter","1. Mix flour, milk, egg, and sugar. 2. Cook on a greased pan. 3. Flip when bubbles appear. 4. Serve with butter and syrup."
"onion, garlic, tomato, black pepper",Tomato Soup,"tomato, garlic, onion, butter, black pepper",1. Sauté onions and garlic in butter. 2. Add chopped tomatoes and cook. 3. Blend smooth and season. 4. Serve hot.
"butter, egg, flour, sugar",Pancakes,"flour, milk, egg, sugar, butter","1. Mix flour, milk, egg, and sugar. 2. Cook on a greased pan. 3. Flip when bubbles appear. 4. Serve with butter and syrup."
"butter, black pepper, onion, garlic",Tomato Soup,"tomato, garlic, onion, butter, black pepper",1. Sauté onions and garlic in butter. 2. Add chopped tomatoes and cook. 3. Blend smooth and season. 4. Serve hot.
"turmeric, chicken, yogurt",Chicken Biryani,"chicken, rice, yogurt, garlic, cumin, turmeric",1. Marinate chicken in yogurt and spices. 2. Cook rice with spices. 3. Layer chicken and rice together. 4. Serve hot.
"banana, honey, milk",Banana Smoothie,"banana, milk, honey","1. Blend banana, milk, and honey. 2. Pour into a glass. 3. Serve chilled."
"chicken, garlic, yogurt",Chicken Biryani,"chicken, rice, yogurt, garlic, cumin, turmeric",1. Marinate chicken in yogurt and spices. 2. Cook rice with spices. 3. Layer chicken and rice together. 4. Serve hot.
"parmesan cheese, cream, butter, garlic, pasta",Chicken Alfredo,"chicken, pasta, cream, garlic, butter, parmesan cheese","1. Cook pasta. 2. Sauté chicken with garlic. 3. Add cream, butter, and cheese. 4. Mix with pasta and serve."
"milk, banana, honey",Banana Smoothie,"banana, milk, honey","1. Blend banana, milk, and honey. 2. Pour into a glass. 3. Serve chilled."
"parmesan cheese, pasta, cream, butter, garlic",Chicken Alfredo,"chicken, pasta, cream, garlic, butter, parmesan cheese","1. Cook pasta. 2. Sauté chicken with garlic. 3. Add cream, butter, and cheese. 4. Mix with pasta and serve."
"yogurt, garlic, cumin, turmeric, rice",Chicken Biryani,"chicken, rice, yogurt, garlic, cumin, turmeric",1. Marinate chicken in yogurt and spices. 2. Cook rice with spices. 3. Layer chicken and rice together. 4. Serve hot.
"black pepper, tomato, butter, onion, garlic",Tomato Soup,"tomato, garlic, onion, butter, black pepper",1. Sauté onions and garlic in butter. 2. Add chopped tomatoes and cook. 3. Blend smooth and season. 4. Serve hot.
"black pepper, spaghetti, egg, bacon",Spaghetti Carbonara,"spaghetti, egg, cheese, bacon, black pepper",1. Boil spaghetti. 2. Cook bacon until crispy. 3. Mix eggs and cheese. 4. Combine everything and serve.
"bell pepper, garlic, broccoli, olive oil, soy sauce, carrot",Vegetable Stir Fry,"broccoli, carrot, bell pepper, soy sauce, garlic, olive oil",1. Chop vegetables. 2. Stir-fry in olive oil. 3. Add soy sauce and garlic. 4. Cook until tender and serve.
"black pepper, tomato, butter",Tomato Soup,"tomato, garlic, onion, butter, black pepper",1. Sauté onions and garlic in butter. 2. Add chopped tomatoes and cook. 3. Blend smooth and season. 4. Serve hot.
"butter, cream, garlic, parmesan cheese, pasta, chicken",Chicken Alfredo,"chicken, pasta, cream, garlic, butter, parmesan cheese","1. Cook pasta. 2. Sauté chicken with garlic. 3. Add cream, butter, and cheese. 4. Mix with pasta and serve."
"cumin, yogurt, turmeric, garlic, rice, chicken",Chicken Biryani,"chicken, rice, yogurt, garlic, cumin, turmeric",1. Marinate chicken in yogurt and spices. 2. Cook rice with spices. 3. Layer chicken and rice together. 4. Serve hot.
"turmeric, cumin, yogurt",Chicken Biryani,"chicken, rice, yogurt, garlic, cumin, turmeric",1. Marinate chicken in yogurt and spices. 2. Cook rice with spices. 3. Layer chicken and rice together. 4. Serve hot.
"bread, butter, garlic",Garlic Bread,"bread, butter, garlic, parsley",1. Mix butter with minced garlic and parsley. 2. Spread on bread. 3. Bake until golden brown. 4. Serve hot.
"broccoli, bell pepper, soy sauce",Vegetable Stir Fry,"broccoli, carrot, bell pepper, soy sauce, garlic, olive oil",1. Chop vegetables. 2. Stir-fry in olive oil. 3. Add soy sauce and garlic. 4. Cook until tender and serve.
"parsley, butter, bread",Garlic Bread,"bread, butter, garlic, parsley",1. Mix butter with minced garlic and parsley. 2. Spread on bread. 3. Bake until golden brown. 4. Serve hot.
"flour, sugar, butter, egg, milk",Pancakes,"flour, milk, egg, sugar, butter","1. Mix flour, milk, egg, and sugar. 2. Cook on a greased pan. 3. Flip when bubbles appear. 4. Serve with butter and syrup."
"butter, bread, cheese",Grilled Cheese Sandwich,"bread, butter, cheese",1. Butter bread slices. 2. Add cheese between slices. 3. Grill until golden brown. 4. Serve hot.
"flour, butter, sugar",Pancakes,"flour, milk, egg, sugar, butter","1. Mix flour, milk, egg, and sugar. 2. Cook on a greased pan. 3. Flip when bubbles appear. 4. Serve with butter and syrup."
"soy sauce, garlic, rice, egg",Egg Fried Rice,"rice, egg, soy sauce, garlic, spring onion",1. Scramble eggs in a pan. 2. Add cooked rice and soy sauce. 3. Stir-fry with garlic and onions. 4. Serve hot.
"butter, onion, garlic, tomato",Tomato Soup,"tomato, garlic, onion, butter, black pepper",1. Sauté onions and garlic in butter. 2. Add chopped tomatoes and cook. 3. Blend smooth and season. 4. Serve hot.
"honey, banana, milk",Banana Smoothie,"banana, milk, honey","1. Blend banana, milk, and honey. 2. Pour into a glass. 3. Serve chilled."
"pasta, garlic, butter, chicken, parmesan cheese, cream",Chicken Alfredo,"chicken, pasta, cream, garlic, butter, parmesan cheese","1. Cook pasta. 2. Sauté chicken with garlic. 3. Add cream, butter, and cheese. 4. Mix with pasta and serve."
"carrot, garlic, bell pepper, soy sauce, olive oil",Vegetable Stir Fry,"broccoli, carrot, bell pepper, soy sauce, garlic, olive oil",1. Chop vegetables. 2. Stir-fry in olive oil. 3. Add soy sauce and garlic. 4. Cook until tender and serve.
"butter, garlic, tomato, onion",Tomato Soup,"tomato, garlic, onion, butter, black pepper",1. Sauté onions and garlic in butter. 2. Add chopped tomatoes and cook. 3. Blend smooth and season. 4. Serve hot.
"banana, milk, honey",Banana Smoothie,"banana, milk, honey","1. Blend banana, milk, and honey. 2. Pour into a glass. 3. Serve chilled."
"rice, turmeric, yogurt",Chicken Biryani,"chicken, rice, yogurt, garlic, cumin, turmeric",1. Marinate chicken in yogurt and spices. 2. Cook rice with spices. 3. Layer chicken and rice together. 4. Serve hot.
"garlic, butter, pasta, cream, chicken",Chicken Alfredo,"chicken, pasta, cream, garlic, butter, parmesan cheese","1. Cook pasta. 2. Sauté chicken with garlic. 3. Add cream, butter, and cheese. 4. Mix with pasta and serve."
"parmesan cheese, chicken, cream, butter, pasta, garlic",Chicken Alfredo,"chicken, pasta, cream, garlic, butter, parmesan cheese","1. Cook pasta. 2. Sauté chicken with garlic. 3. Add cream, butter, and cheese. 4. Mix with pasta and serve."
"black pepper, egg, spaghetti",Spaghetti Carbonara,"spaghetti, egg, cheese, bacon, black pepper",1. Boil spaghetti. 2. Cook bacon until crispy. 3. Mix eggs and cheese. 4. Combine everything and serve.
"butter, garlic, onion, tomato",Tomato Soup,"tomato, garlic, onion, butter, black pepper",1. Sauté onions and garlic in butter. 2. Add chopped tomatoes and cook. 3. Blend smooth and season. 4. Serve hot.
"butter, sugar, milk, egg",Pancakes,"flour, milk, egg, sugar, butter","1. Mix flour, milk, egg, and sugar. 2. Cook on a greased pan. 3. Flip when bubbles appear. 4. Serve with butter and syrup."
"egg, black pepper, spaghetti, bacon, cheese",Spaghetti Carbonara,"spaghetti, egg, cheese, bacon, black pepper",1. Boil spaghetti. 2. Cook bacon until crispy. 3. Mix eggs and cheese. 4. Combine everything and serve.
"yogurt, chicken, rice",Chicken Biryani,"chicken, rice, yogurt, garlic, cumin, turmeric",1. Marinate chicken in yogurt and spices. 2. Cook rice with spices. 3. Layer chicken and rice together. 4. Serve hot.
"onion, black pepper, tomato, garlic, butter",Tomato Soup,"tomato, garlic, onion, butter, black pepper",1. Sauté onions and garlic in butter. 2. Add chopped tomatoes and cook. 3. Blend smooth and season. 4. Serve hot.
"butter, parmesan cheese, chicken",Chicken Alfredo,"chicken, pasta, cream, garlic, butter, parmesan cheese","1. Cook pasta. 2. Sauté chicken with garlic. 3. Add cream, butter, and cheese. 4. Mix with pasta and serve."
"butter, onion, tomato",Tomato Soup,"tomato, garlic, onion, butter, black pepper",1. Sauté onions and garlic in butter. 2. Add chopped tomatoes and cook. 3. Blend smooth and season. 4. Serve hot.
"cheese, butter, bread",Grilled Cheese Sandwich,"bread, butter, cheese",1. Butter bread slices. 2. Add cheese between slices. 3. Grill until golden brown. 4. Serve hot.
"soy sauce, bell pepper, carrot, garlic",Vegetable Stir Fry,"broccoli, carrot, bell pepper, soy sauce, garlic, olive oil",1. Chop vegetables. 2. Stir-fry in olive oil. 3. Add soy sauce and garlic. 4. Cook until tender and serve.
"bell pepper, broccoli, olive oil",Vegetable Stir Fry,"broccoli, carrot, bell pepper, soy sauce, garlic, olive oil",1. Chop vegetables. 2. Stir-fry in olive oil. 3. Add soy sauce and garlic. 4. Cook until tender and serve.
"milk, honey, banana",Banana Smoothie,"banana, milk, honey","1. Blend banana, milk, and honey. 2. Pour into a glass. 3. Serve chilled."
"spaghetti, bacon, black pepper",Spaghetti Carbonara,"spaghetti, egg, cheese, bacon, black pepper",1. Boil spaghetti. 2. Cook bacon until crispy. 3. Mix eggs and cheese. 4. Combine everything and serve.
"egg, flour, butter",Pancakes,"flour, milk, egg, sugar, butter","1. Mix flour, milk, egg, and sugar. 2. Cook on a greased pan. 3. Flip when bubbles appear. 4. Serve with butter and syrup."
"garlic, butter, bread",Garlic Bread,"bread, butter, garlic, parsley",1. Mix butter with minced garlic and parsley. 2. Spread on bread. 3. Bake until golden brown. 4. Serve hot.
"chicken, garlic, butter",Chicken Alfredo,"chicken, pasta, cream, garlic, butter, parmesan cheese","1. Cook pasta. 2. Sauté chicken with garlic. 3. Add cream, butter, and cheese. 4. Mix with pasta and serve."
"black pepper, cheese, spaghetti, egg, bacon",Spaghetti Carbonara,"spaghetti, egg, cheese, bacon, black pepper",1. Boil spaghetti. 2. Cook bacon until crispy. 3. Mix eggs and cheese. 4. Combine everything and serve.
"egg, sugar, milk, flour",Pancakes,"flour, milk, egg, sugar, butter","1. Mix flour, milk, egg, and sugar. 2. Cook on a greased pan. 3. Flip when bubbles appear. 4. Serve with butter and syrup."
"honey, banana, milk",Banana Smoothie,"banana, milk, honey","1. Blend banana, milk, and honey. 2. Pour into a glass. 3. Serve chilled."
"garlic, olive oil, broccoli, bell pepper, soy sauce",Vegetable Stir Fry,"broccoli, carrot, bell pepper, soy sauce, garlic, olive oil",1. Chop vegetables. 2. Stir-fry in olive oil. 3. Add soy sauce and garlic. 4. Cook until tender and serve.
"bacon, egg, cheese, black pepper",Spaghetti Carbonara,"spaghetti, egg, cheese, bacon, black pepper",1. Boil spaghetti. 2. Cook bacon until crispy. 3. Mix eggs and cheese. 4. Combine everything and serve.
"butter, onion, garlic, black pepper, tomato",Tomato Soup,"tomato, garlic, onion, butter, black pepper",1. Sauté onions and garlic in butter. 2. Add chopped tomatoes and cook. 3. Blend smooth and season. 4. Serve hot.
"egg, spaghetti, black pepper",Spaghetti Carbonara,"spaghetti, egg, cheese, bacon, black pepper",1. Boil spaghetti. 2. Cook bacon until crispy. 3. Mix eggs and cheese. 4. Combine everything and serve.
"cheese, butter, bread",Grilled Cheese Sandwich,"bread, butter, cheese",1. Butter bread slices. 2. Add cheese between slices. 3. Grill until golden brown. 4. Serve hot.
"honey, milk, banana",Banana Smoothie,"banana, milk, honey","1. Blend banana, milk, and honey. 2. Pour into a glass. 3. Serve chilled."
"butter, cheese, bread",Grilled Cheese Sandwich,"bread, butter, cheese",1. Butter bread slices. 2. Add cheese between slices. 3. Grill until golden brown. 4. Serve hot.
"bacon, spaghetti, egg",Spaghetti Carbonara,"spaghetti, egg, cheese, bacon, black pepper",1. Boil spaghetti. 2. Cook bacon until crispy. 3. Mix eggs and cheese. 4. Combine everything and serve.
"yogurt, turmeric, garlic, rice",Chicken Biryani,"chicken, rice, yogurt, garlic, cumin, turmeric",1. Marinate chicken in yogurt and spices. 2. Cook rice with spices. 3. Layer chicken and rice together. 4. Serve hot.
"pasta, chicken, parmesan cheese, cream, garlic, butter",Chicken Alfredo,"chicken, pasta, cream, garlic, butter, parmesan cheese","1. Cook pasta. 2. Sauté chicken with garlic. 3. Add cream, butter, and cheese. 4. Mix with pasta and serve."
"bacon, spaghetti, cheese",Spaghetti Carbonara,"spaghetti, egg, cheese, bacon, black pepper",1. Boil spaghetti. 2. Cook bacon until crispy. 3. Mix eggs and cheese. 4. Combine everything and serve.
"cream, chicken, parmesan cheese, butter, pasta, garlic",Chicken Alfredo,"chicken, pasta, cream, garlic, butter, parmesan cheese","1. Cook pasta. 2. Sauté chicken with garlic. 3. Add cream, butter, and cheese. 4. Mix with pasta and serve."
"yogurt, cumin, chicken, turmeric, rice, garlic",Chicken Biryani,"chicken, rice, yogurt, garlic, cumin, turmeric",1. Marinate chicken in yogurt and spices. 2. Cook rice with spices. 3. Layer chicken and rice together. 4. Serve hot.
"bread, garlic, butter",Garlic Bread,"bread, butter, garlic, parsley",1. Mix butter with minced garlic and parsley. 2. Spread on bread. 3. Bake until golden brown. 4. Serve hot.
"black pepper, egg, cheese",Spaghetti Carbonara,"spaghetti, egg, cheese, bacon, black pepper",1. Boil spaghetti. 2. Cook bacon until crispy. 3. Mix eggs and cheese. 4. Combine everything and serve.
"garlic, onion, tomato",Tomato Soup,"tomato, garlic, onion, butter, black pepper",1. Sauté onions and garlic in butter. 2. Add chopped tomatoes and cook. 3. Blend smooth and season. 4. Serve hot.
"turmeric, chicken, rice",Chicken Biryani,"chicken, rice, yogurt, garlic, cumin, turmeric",1. Marinate chicken in yogurt and spices. 2. Cook rice with spices. 3. Layer chicken and rice together. 4. Serve hot.
"butter, black pepper, tomato, onion, garlic",Tomato Soup,"tomato, garlic, onion, butter, black pepper",1. Sauté onions and garlic in butter. 2. Add chopped tomatoes and cook. 3. Blend smooth and season. 4. Serve hot.
"pasta, cream, chicken, parmesan cheese, butter",Chicken Alfredo,"chicken, pasta, cream, garlic, butter, parmesan cheese","1. Cook pasta. 2. Sauté chicken with garlic. 3. Add cream, butter, and cheese. 4. Mix with pasta and serve."
"bread, cheese, butter",Grilled Cheese Sandwich,"bread, butter, cheese",1. Butter bread slices. 2. Add cheese between slices. 3. Grill until golden brown. 4. Serve hot.
"bread, butter, cheese",Grilled Cheese Sandwich,"bread, butter, cheese",1. Butter bread slices. 2. Add cheese between slices. 3. Grill until golden brown. 4. Serve hot.
"turmeric, rice, cumin",Chicken Biryani,"chicken, rice, yogurt, garlic, cumin, turmeric",1. Marinate chicken in yogurt and spices. 2. Cook rice with spices. 3. Layer chicken and rice together. 4. Serve hot.
"carrot, garlic, bell pepper, soy sauce, olive oil, broccoli",Vegetable Stir Fry,"broccoli, carrot, bell pepper, soy sauce, garlic, olive oil",1. Chop vegetables. 2. Stir-fry in olive oil. 3. Add soy sauce and garlic. 4. Cook until tender and serve.
"cumin, garlic, yogurt, rice, turmeric",Chicken Biryani,"chicken, rice, yogurt, garlic, cumin, turmeric",1. Marinate chicken in yogurt and spices. 2. Cook rice with spices. 3. Layer chicken and rice together. 4. Serve hot.
"spring onion, rice, garlic",Egg Fried Rice,"rice, egg, soy sauce, garlic, spring onion",1. Scramble eggs in a pan. 2. Add cooked rice and soy sauce. 3. Stir-fry with garlic and onions. 4. Serve hot.
"onion, butter, tomato",Tomato Soup,"tomato, garlic, onion, butter, black pepper",1. Sauté onions and garlic in butter. 2. Add chopped tomatoes and cook. 3. Blend smooth and season. 4. Serve hot.
"broccoli, carrot, bell pepper",Vegetable Stir Fry,"broccoli, carrot, bell pepper, soy sauce, garlic, olive oil",1. Chop vegetables. 2. Stir-fry in olive oil. 3. Add soy sauce and garlic. 4. Cook until tender and serve.
"garlic, bell pepper, broccoli, olive oil, soy sauce",Vegetable Stir Fry,"broccoli, carrot, bell pepper, soy sauce, garlic, olive oil",1. Chop vegetables. 2. Stir-fry in olive oil. 3. Add soy sauce and garlic. 4. Cook until tender and serve.
"garlic, broccoli, bell pepper",Vegetable Stir Fry,"broccoli, carrot, bell pepper, soy sauce, garlic, olive oil",1. Chop vegetables. 2. Stir-fry in olive oil. 3. Add soy sauce and garlic. 4. Cook until tender and serve.
"parsley, bread, butter",Garlic Bread,"bread, butter, garlic, parsley",1. Mix butter with minced garlic and parsley. 2. Spread on bread. 3. Bake until golden brown. 4. Serve hot.
"rice, garlic, chicken",Chicken Biryani,"chicken, rice, yogurt, garlic, cumin, turmeric",1. Marinate chicken in yogurt and spices. 2. Cook rice with spices. 3. Layer chicken and rice together. 4. Serve hot.
"sugar, butter, milk, egg, flour",Pancakes,"flour, milk, egg, sugar, butter","1. Mix flour, milk, egg, and sugar. 2. Cook on a greased pan. 3. Flip when bubbles appear. 4. Serve with butter and syrup."
"rice, yogurt, cumin, chicken, turmeric",Chicken Biryani,"chicken, rice, yogurt, garlic, cumin, turmeric",1. Marinate chicken in yogurt and spices. 2. Cook rice with spices. 3. Layer chicken and rice together. 4. Serve hot.
"garlic, onion, butter, tomato, black pepper",Tomato Soup,"tomato, garlic, onion, butter, black pepper",1. Sauté onions and garlic in butter. 2. Add chopped tomatoes and cook. 3. Blend smooth and season. 4. Serve hot.
"garlic, butter, onion, black pepper",Tomato Soup,"tomato, garlic, onion, butter, black pepper",1. Sauté onions and garlic in butter. 2. Add chopped tomatoes and cook. 3. Blend smooth and season. 4. Serve hot.
"pasta, garlic, chicken, cream, butter",Chicken Alfredo,"chicken, pasta, cream, garlic, butter, parmesan cheese","1. Cook pasta. 2. Sauté chicken with garlic. 3. Add cream, butter, and cheese. 4. Mix with pasta and serve."
"olive oil, bell pepper, carrot, soy sauce",Vegetable Stir Fry,"broccoli, carrot, bell pepper, soy sauce, garlic, olive oil",1. Chop vegetables. 2. Stir-fry in olive oil. 3. Add soy sauce and garlic. 4. Cook until tender and serve.
"parmesan cheese, chicken, cream, garlic, pasta, butter",Chicken Alfredo,"chicken, pasta, cream, garlic, butter, parmesan cheese","1. Cook pasta. 2. Sauté chicken with garlic. 3. Add cream, butter, and cheese. 4. Mix with pasta and serve."
"honey, banana, milk",Banana Smoothie,"banana, milk, honey","1. Blend banana, milk, and honey. 2. Pour into a glass. 3. Serve chilled."
"bread, garlic, parsley, butter",Garlic Bread,"bread, butter, garlic, parsley",1. Mix butter with minced garlic and parsley. 2. Spread on bread. 3. Bake until golden brown. 4. Serve hot.
"spaghetti, cheese, black pepper, egg, bacon",Spaghetti Carbonara,"spaghetti, egg, cheese, bacon, black pepper",1. Boil spaghetti. 2. Cook bacon until crispy. 3. Mix eggs and cheese. 4. Combine everything and serve.
"garlic, spring onion, rice, egg, soy sauce",Egg Fried Rice,"rice, egg, soy sauce, garlic, spring onion",1. Scramble eggs in a pan. 2. Add cooked rice and soy sauce. 3. Stir-fry with garlic and onions. 4. Serve hot.
"tomato, garlic, black pepper, butter",Tomato Soup,"tomato, garlic, onion, butter, black pepper",1. Sauté onions and garlic in butter. 2. Add chopped tomatoes and cook. 3. Blend smooth and season. 4. Serve hot.
"soy sauce, rice, garlic",Egg Fried Rice,"rice, egg, soy sauce, garlic, spring onion",1. Scramble eggs in a pan. 2. Add cooked rice and soy sauce. 3. Stir-fry with garlic and onions. 4. Serve hot.
"olive oil, broccoli, soy sauce, garlic, bell pepper",Vegetable Stir Fry,"broccoli, carrot, bell pepper, soy sauce, garlic, olive oil",1. Chop vegetables. 2. Stir-fry in olive oil. 3. Add soy sauce and garlic. 4. Cook until tender and serve.
"bread, garlic, parsley, butter",Garlic Bread,"bread, butter, garlic, parsley",1. Mix butter with minced garlic and parsley. 2. Spread on bread. 3. Bake until golden brown. 4. Serve hot.
"egg, spring onion, rice, garlic, soy sauce",Egg Fried Rice,"rice, egg, soy sauce, garlic, spring onion",1. Scramble eggs in a pan. 2. Add cooked rice and soy sauce. 3. Stir-fry with garlic and onions. 4. Serve hot.
"broccoli, carrot, bell pepper, soy sauce, garlic, olive oil",Vegetable Stir Fry,"broccoli, carrot, bell pepper, soy sauce, garlic, olive oil",1. Chop vegetables. 2. Stir-fry in olive oil. 3. Add soy sauce and garlic. 4. Cook until tender and serve.
"onion, tomato, garlic, butter, black pepper",Tomato Soup,"tomato, garlic, onion, butter, black pepper",1. Sauté onions and garlic in butter. 2. Add chopped tomatoes and cook. 3. Blend smooth and season. 4. Serve hot.
"butter, cheese, bread",Grilled Cheese Sandwich,"bread, butter, cheese",1. Butter bread slices. 2. Add cheese between slices. 3. Grill until golden brown. 4. Serve hot.
"milk, flour, egg, sugar",Pancakes,"flour, milk, egg, sugar, butter","1. Mix flour, milk, egg, and sugar. 2. Cook on a greased pan. 3. Flip when bubbles appear. 4. Serve with butter and syrup."
"banana, honey, milk",Banana Smoothie,"banana, milk, honey","1. Blend banana, milk, and honey. 2. Pour into a glass. 3. Serve chilled."
"parsley, bread, garlic, butter",Garlic Bread,"bread, butter, garlic, parsley",1. Mix butter with minced garlic and parsley. 2. Spread on bread. 3. Bake until golden brown. 4. Serve hot.
"egg, cheese, black pepper, bacon, spaghetti",Spaghetti Carbonara,"spaghetti, egg, cheese, bacon, black pepper",1. Boil spaghetti. 2. Cook bacon until crispy. 3. Mix eggs and cheese. 4. Combine everything and serve.
"tomato, garlic, black pepper, butter, onion",Tomato Soup,"tomato, garlic, onion, butter, black pepper",1. Sauté onions and garlic in butter. 2. Add chopped tomatoes and cook. 3. Blend smooth and season. 4. Serve hot.
"cheese, bacon, egg, black pepper, spaghetti",Spaghetti Carbonara,"spaghetti, egg, cheese, bacon, black pepper",1. Boil spaghetti. 2. Cook bacon until crispy. 3. Mix eggs and cheese. 4. Combine everything and serve.
"butter, garlic, black pepper, onion",Tomato Soup,"tomato, garlic, onion, butter, black pepper",1. Sauté onions and garlic in butter. 2. Add chopped tomatoes and cook. 3. Blend smooth and season. 4. Serve hot.
"bread, parsley, garlic, butter",Garlic Bread,"bread, butter, garlic, parsley",1. Mix butter with minced garlic and parsley. 2. Spread on bread. 3. Bake until golden brown. 4. Serve hot.
"garlic, parsley, butter, bread",Garlic Bread,"bread, butter, garlic, parsley",1. Mix butter with minced garlic and parsley. 2. Spread on bread. 3. Bake until golden brown. 4. Serve hot.
"sugar, butter, egg, milk",Pancakes,"flour, milk, egg, sugar, butter","1. Mix flour, milk, egg, and sugar. 2. Cook on a greased pan. 3. Flip when bubbles appear. 4. Serve with butter and syrup."
"flour, egg, butter, milk, sugar",Pancakes,"flour, milk, egg, sugar, butter","1. Mix flour, milk, egg, and sugar. 2. Cook on a greased pan. 3. Flip when bubbles appear. 4. Serve with butter and syrup."
"parmesan cheese, cream, garlic, chicken",Chicken Alfredo,"chicken, pasta, cream, garlic, butter, parmesan cheese","1. Cook pasta. 2. Sauté chicken with garlic. 3. Add cream, butter, and cheese. 4. Mix with pasta and serve."
"egg, spaghetti, bacon, black pepper",Spaghetti Carbonara,"spaghetti, egg, cheese, bacon, black pepper",1. Boil spaghetti. 2. Cook bacon until crispy. 3. Mix eggs and cheese. 4. Combine everything and serve.
"black pepper, tomato, onion",Tomato Soup,"tomato, garlic, onion, butter, black pepper",1. Sauté onions and garlic in butter. 2. Add chopped tomatoes and cook. 3. Blend smooth and season. 4. Serve hot.
"bacon, egg, black pepper",Spaghetti Carbonara,"spaghetti, egg, cheese, bacon, black pepper",1. Boil spaghetti. 2. Cook bacon until crispy. 3. Mix eggs and cheese. 4. Combine everything and serve.
"parmesan cheese, butter, chicken, cream",Chicken Alfredo,"chicken, pasta, cream, garlic, butter, parmesan cheese","1. Cook pasta. 2. Sauté chicken with garlic. 3. Add cream, butter, and cheese. 4. Mix with pasta and serve."
"garlic, turmeric, chicken",Chicken Biryani,"chicken, rice, yogurt, garlic, cumin, turmeric",1. Marinate chicken in yogurt and spices. 2. Cook rice with spices. 3. Layer chicken and rice together. 4. Serve hot.
"bacon, cheese, spaghetti",Spaghetti Carbonara,"spaghetti, egg, cheese, bacon, black pepper",1. Boil spaghetti. 2. Cook bacon until crispy. 3. Mix eggs and cheese. 4. Combine everything and serve.
"honey, banana, milk",Banana Smoothie,"banana, milk, honey","1. Blend banana, milk, and honey. 2. Pour into a glass. 3. Serve chilled."
"bell pepper, broccoli, soy sauce, olive oil, garlic, carrot",Vegetable Stir Fry,"broccoli, carrot, bell pepper, soy sauce, garlic, olive oil",1. Chop vegetables. 2. Stir-fry in olive oil. 3. Add soy sauce and garlic. 4. Cook until tender and serve.
"honey, milk, banana",Banana Smoothie,"banana, milk, honey","1. Blend banana, milk, and honey. 2. Pour into a glass. 3. Serve chilled."
"sugar, milk, egg",Pancakes,"flour, milk, egg, sugar, butter","1. Mix flour, milk, egg, and sugar. 2. Cook on a greased pan. 3. Flip when bubbles appear. 4. Serve with butter and syrup."
"garlic, egg, rice, spring onion",Egg Fried Rice,"rice, egg, soy sauce, garlic, spring onion",1. Scramble eggs in a pan. 2. Add cooked rice and soy sauce. 3. Stir-fry with garlic and onions. 4. Serve hot.
"bread, garlic, butter",Garlic Bread,"bread, butter, garlic, parsley",1. Mix butter with minced garlic and parsley. 2. Spread on bread. 3. Bake until golden brown. 4. Serve hot.
"garlic, black pepper, onion, tomato",Tomato Soup,"tomato, garlic, onion, butter, black pepper",1. Sauté onions and garlic in butter. 2. Add chopped tomatoes and cook. 3. Blend smooth and season. 4. Serve hot.
"egg, butter, flour, milk, sugar",Pancakes,"flour, milk, egg, sugar, butter","1. Mix flour, milk, egg, and sugar. 2. Cook on a greased pan. 3. Flip when bubbles appear. 4. Serve with butter and syrup."
"banana, honey, milk",Banana Smoothie,"banana, milk, honey","1. Blend banana, milk, and honey. 2. Pour into a glass. 3. Serve chilled."
"bacon, cheese, egg, spaghetti, black pepper",Spaghetti Carbonara,"spaghetti, egg, cheese, bacon, black pepper",1. Boil spaghetti. 2. Cook bacon until crispy. 3. Mix eggs and cheese. 4. Combine everything and serve.
"banana, milk, honey",Banana Smoothie,"banana, milk, honey","1. Blend banana, milk, and honey. 2. Pour into a glass. 3. Serve chilled."
"bacon, egg, black pepper, spaghetti, cheese",Spaghetti Carbonara,"spaghetti, egg, cheese, bacon, black pepper",1. Boil spaghetti. 2. Cook bacon until crispy. 3. Mix eggs and cheese. 4. Combine everything and serve.
"broccoli, garlic, olive oil, bell pepper",Vegetable Stir Fry,"broccoli, carrot, bell pepper, soy sauce, garlic, olive oil",1. Chop vegetables. 2. Stir-fry in olive oil. 3. Add soy sauce and garlic. 4. Cook until tender and serve.
"parmesan cheese, cream, chicken, butter, garlic",Chicken Alfredo,"chicken, pasta, cream, garlic, butter, parmesan cheese","1. Cook pasta. 2. Sauté chicken with garlic. 3. Add cream, butter, and cheese. 4. Mix with pasta and serve."
"soy sauce, garlic, rice, egg, spring onion",Egg Fried Rice,"rice, egg, soy sauce, garlic, spring onion",1. Scramble eggs in a pan. 2. Add cooked rice and soy sauce. 3. Stir-fry with garlic and onions. 4. Serve hot.
"parsley, garlic, butter",Garlic Bread,"bread, butter, garlic, parsley",1. Mix butter with minced garlic and parsley. 2. Spread on bread. 3. Bake until golden brown. 4. Serve hot.
"bread, butter, cheese",Grilled Cheese Sandwich,"bread, butter, cheese",1. Butter bread slices. 2. Add cheese between slices. 3. Grill until golden brown. 4. Serve hot.
"cheese, butter, bread",Grilled Cheese Sandwich,"bread, butter, cheese",1. Butter bread slices. 2. Add cheese between slices. 3. Grill until golden brown. 4. Serve hot.
"egg, spaghetti, bacon, cheese",Spaghetti Carbonara,"spaghetti, egg, cheese, bacon, black pepper",1. Boil spaghetti. 2. Cook bacon until crispy. 3. Mix eggs and cheese. 4. Combine everything and serve.
"yogurt, rice, cumin, turmeric, garlic",Chicken Biryani,"chicken, rice, yogurt, garlic, cumin, turmeric",1. Marinate chicken in yogurt and spices. 2. Cook rice with spices. 3. Layer chicken and rice together. 4. Serve hot.
"garlic, rice, egg, spring onion",Egg Fried Rice,"rice, egg, soy sauce, garlic, spring onion",1. Scramble eggs in a pan. 2. Add cooked rice and soy sauce. 3. Stir-fry with garlic and onions. 4. Serve hot.
"pasta, butter, chicken, cream, parmesan cheese",Chicken Alfredo,"chicken, pasta, cream, garlic, butter, parmesan cheese","1. Cook pasta. 2. Sauté chicken with garlic. 3. Add cream, butter, and cheese. 4. Mix with pasta and serve."
"egg, spaghetti, bacon",Spaghetti Carbonara,"spaghetti, egg, cheese, bacon, black pepper",1. Boil spaghetti. 2. Cook bacon until crispy. 3. Mix eggs and cheese. 4. Combine everything and serve.
"butter, bread, garlic, parsley",Garlic Bread,"bread, butter, garlic, parsley",1. Mix butter with minced garlic and parsley. 2. Spread on bread. 3. Bake until golden brown. 4. Serve hot.
"milk, butter, flour, sugar, egg",Pancakes,"flour, milk, egg, sugar, butter","1. Mix flour, milk, egg, and sugar. 2. Cook on a greased pan. 3. Flip when bubbles appear. 4. Serve with butter and syrup."
"garlic, broccoli, olive oil, bell pepper, soy sauce",Vegetable Stir Fry,"broccoli, carrot, bell pepper, soy sauce, garlic, olive oil",1. Chop vegetables. 2. Stir-fry in olive oil. 3. Add soy sauce and garlic. 4. Cook until tender and serve.
"chicken, garlic, cumin, yogurt, rice",Chicken Biryani,"chicken, rice, yogurt, garlic, cumin, turmeric",1. Marinate chicken in yogurt and spices. 2. Cook rice with spices. 3. Layer chicken and rice together. 4. Serve hot.
"cumin, turmeric, garlic, yogurt, chicken, rice",Chicken Biryani,"chicken, rice, yogurt, garlic, cumin, turmeric",1. Marinate chicken in yogurt and spices. 2. Cook rice with spices. 3. Layer chicken and rice together. 4. Serve hot.
"cheese, bread, butter",Grilled Cheese Sandwich,"bread, butter, cheese",1. Butter bread slices. 2. Add cheese between slices. 3. Grill until golden brown. 4. Serve hot.
"garlic, cream, pasta, butter, chicken, parmesan cheese",Chicken Alfredo,"chicken, pasta, cream, garlic, butter, parmesan cheese","1. Cook pasta. 2. Sauté chicken with garlic. 3. Add cream, butter, and cheese. 4. Mix with pasta and serve."
"turmeric, chicken, rice",Chicken Biryani,"chicken, rice, yogurt, garlic, cumin, turmeric",1. Marinate chicken in yogurt and spices. 2. Cook rice with spices. 3. Layer chicken and rice together. 4. Serve hot.
"cream, parmesan cheese, pasta, butter",Chicken Alfredo,"chicken, pasta, cream, garlic, butter, parmesan cheese","1. Cook pasta. 2. Sauté chicken with garlic. 3. Add cream, butter, and cheese. 4. Mix with pasta and serve."
"milk, banana, honey",Banana Smoothie,"banana, milk, honey","1. Blend banana, milk, and honey. 2. Pour into a glass. 3. Serve chilled."
"butter, cheese, bread",Grilled Cheese Sandwich,"bread, butter, cheese",1. Butter bread slices. 2. Add cheese between slices. 3. Grill until golden brown. 4. Serve hot.
"banana, honey, milk",Banana Smoothie,"banana, milk, honey","1. Blend banana, milk, and honey. 2. Pour into a glass. 3. Serve chilled."
"soy sauce, egg, rice, garlic, spring onion",Egg Fried Rice,"rice, egg, soy sauce, garlic, spring onion",1. Scramble eggs in a pan. 2. Add cooked rice and soy sauce. 3. Stir-fry with garlic and onions. 4. Serve hot.
"egg, soy sauce, rice, spring onion, garlic",Egg Fried Rice,"rice, egg, soy sauce, garlic, spring onion",1. Scramble eggs in a pan. 2. Add cooked rice and soy sauce. 3. Stir-fry with garlic and onions. 4. Serve hot.
"soy sauce, broccoli, garlic, olive oil",Vegetable Stir Fry,"broccoli, carrot, bell pepper, soy sauce, garlic, olive oil",1. Chop vegetables. 2. Stir-fry in olive oil. 3. Add soy sauce and garlic. 4. Cook until tender and serve.
"rice, chicken, cumin, turmeric, yogurt",Chicken Biryani,"chicken, rice, yogurt, garlic, cumin, turmeric",1. Marinate chicken in yogurt and spices. 2. Cook rice with spices. 3. Layer chicken and rice together. 4. Serve hot.
"honey, banana, milk",Banana Smoothie,"banana, milk, honey","1. Blend banana, milk, and honey. 2. Pour into a glass. 3. Serve chilled."
"milk, honey, banana",Banana Smoothie,"banana, milk, honey","1. Blend banana, milk, and honey. 2. Pour into a glass. 3. Serve chilled."
"olive oil, carrot, garlic, bell pepper",Vegetable Stir Fry,"broccoli, carrot, bell pepper, soy sauce, garlic, olive oil",1. Chop vegetables. 2. Stir-fry in olive oil. 3. Add soy sauce and garlic. 4. Cook until tender and serve.
"cheese, butter, bread",Grilled Cheese Sandwich,"bread, butter, cheese",1. Butter bread slices. 2. Add cheese between slices. 3. Grill until golden brown. 4. Serve hot.
"flour, butter, milk",Pancakes,"flour, milk, egg, sugar, butter","1. Mix flour, milk, egg, and sugar. 2. Cook on a greased pan. 3. Flip when bubbles appear. 4. Serve with butter and syrup."
"egg, garlic, spring onion, soy sauce",Egg Fried Rice,"rice, egg, soy sauce, garlic, spring onion",1. Scramble eggs in a pan. 2. Add cooked rice and soy sauce. 3. Stir-fry with garlic and onions. 4. Serve hot.
"egg, cheese, black pepper, bacon, spaghetti",Spaghetti Carbonara,"spaghetti, egg, cheese, bacon, black pepper",1. Boil spaghetti. 2. Cook bacon until crispy. 3. Mix eggs and cheese. 4. Combine everything and serve.
"cheese, bread, butter",Grilled Cheese Sandwich,"bread, butter, cheese",1. Butter bread slices. 2. Add cheese between slices. 3. Grill until golden brown. 4. Serve hot.
"egg, garlic, rice, spring onion",Egg Fried Rice,"rice, egg, soy sauce, garlic, spring onion",1. Scramble eggs in a pan. 2. Add cooked rice and soy sauce. 3. Stir-fry with garlic and onions. 4. Serve hot.
"garlic, black pepper, onion, tomato, butter",Tomato Soup,"tomato, garlic, onion, butter, black pepper",1. Sauté onions and garlic in butter. 2. Add chopped tomatoes and cook. 3. Blend smooth and season. 4. Serve hot.
"garlic, broccoli, bell pepper",Vegetable Stir Fry,"broccoli, carrot, bell pepper, soy sauce, garlic, olive oil",1. Chop vegetables. 2. Stir-fry in olive oil. 3. Add soy sauce and garlic. 4. Cook until tender and serve.
"tomato, onion, black pepper, garlic, butter",Tomato Soup,"tomato, garlic, onion, butter, black pepper",1. Sauté onions and garlic in butter. 2. Add chopped tomatoes and cook. 3. Blend smooth and season. 4. Serve hot.
"parmesan cheese, garlic, cream, pasta, butter",Chicken Alfredo,"chicken, pasta, cream, garlic, butter, parmesan cheese","1. Cook pasta. 2. Sauté chicken with garlic. 3. Add cream, butter, and cheese. 4. Mix with pasta and serve."
"milk, honey, banana",Banana Smoothie,"banana, milk, honey","1. Blend banana, milk, and honey. 2. Pour into a glass. 3. Serve chilled."
"pasta, garlic, cream",Chicken Alfredo,"chicken, pasta, cream, garlic, butter, parmesan cheese","1. Cook pasta. 2. Sauté chicken with garlic. 3. Add cream, butter, and cheese. 4. Mix with pasta and serve."
"egg, soy sauce, spring onion, rice, garlic",Egg Fried Rice,"rice, egg, soy sauce, garlic, spring onion",1. Scramble eggs in a pan. 2. Add cooked rice and soy sauce. 3. Stir-fry with garlic and onions. 4. Serve hot.
"chicken, cream, butter, garlic, parmesan cheese, pasta",Chicken Alfredo,"chicken, pasta, cream, garlic, butter, parmesan cheese","1. Cook pasta. 2. Sauté chicken with garlic. 3. Add cream, butter, and cheese. 4. Mix with pasta and serve."
"soy sauce, carrot, bell pepper, olive oil",Vegetable Stir Fry,"broccoli, carrot, bell pepper, soy sauce, garlic, olive oil",1. Chop vegetables. 2. Stir-fry in olive oil. 3. Add soy sauce and garlic. 4. Cook until tender and serve.
"garlic, onion, black pepper, tomato, butter",Tomato Soup,"tomato, garlic, onion, butter, black pepper",1. Sauté onions and garlic in butter. 2. Add chopped tomatoes and cook. 3. Blend smooth and season. 4. Serve hot.
"black pepper, bacon, egg, cheese",Spaghetti Carbonara,"spaghetti, egg, cheese, bacon, black pepper",1. Boil spaghetti. 2. Cook bacon until crispy. 3. Mix eggs and cheese. 4. Combine everything and serve.
"chicken, butter, parmesan cheese, cream, pasta",Chicken Alfredo,"chicken, pasta, cream, garlic, butter, parmesan cheese","1. Cook pasta. 2. Sauté chicken with garlic. 3. Add cream, butter, and cheese. 4. Mix with pasta and serve."
"onion, tomato, black pepper, garlic, butter",Tomato Soup,"tomato, garlic, onion, butter, black pepper",1. Sauté onions and garlic in butter. 2. Add chopped tomatoes and cook. 3. Blend smooth and season. 4. Serve hot.
"garlic, turmeric, cumin, yogurt, chicken, rice",Chicken Biryani,"chicken, rice, yogurt, garlic, cumin, turmeric",1. Marinate chicken in yogurt and spices. 2. Cook rice with spices. 3. Layer chicken and rice together. 4. Serve hot.
"black pepper, cheese, bacon",Spaghetti Carbonara,"spaghetti, egg, cheese, bacon, black pepper",1. Boil spaghetti. 2. Cook bacon until crispy. 3. Mix eggs and cheese. 4. Combine everything and serve.
"bread, parsley, garlic, butter",Garlic Bread,"bread, butter, garlic, parsley",1. Mix butter with minced garlic and parsley. 2. Spread on bread. 3. Bake until golden brown. 4. Serve hot.
"cream, butter, parmesan cheese",Chicken Alfredo,"chicken, pasta, cream, garlic, butter, parmesan cheese","1. Cook pasta. 2. Sauté chicken with garlic. 3. Add cream, butter, and cheese. 4. Mix with pasta and serve."
"soy sauce, egg, garlic, rice",Egg Fried Rice,"rice, egg, soy sauce, garlic, spring onion",1. Scramble eggs in a pan. 2. Add cooked rice and soy sauce. 3. Stir-fry with garlic and onions. 4. Serve hot.
"tomato, onion, butter, garlic",Tomato Soup,"tomato, garlic, onion, butter, black pepper",1. Sauté onions and garlic in butter. 2. Add chopped tomatoes and cook. 3. Blend smooth and season. 4. Serve hot.
"bread, butter, cheese",Grilled Cheese Sandwich,"bread, butter, cheese",1. Butter bread slices. 2. Add cheese between slices. 3. Grill until golden brown. 4. Serve hot.
"garlic, soy sauce, broccoli, carrot, bell pepper",Vegetable Stir Fry,"broccoli, carrot, bell pepper, soy sauce, garlic, olive oil",1. Chop vegetables. 2. Stir-fry in olive oil. 3. Add soy sauce and garlic. 4. Cook until tender and serve.
"bell pepper, olive oil, garlic, carrot",Vegetable Stir Fry,"broccoli, carrot, bell pepper, soy sauce, garlic, olive oil",1. Chop vegetables. 2. Stir-fry in olive oil. 3. Add soy sauce and garlic. 4. Cook until tender and serve.
"egg, milk, sugar, butter",Pancakes,"flour, milk, egg, sugar, butter","1. Mix flour, milk, egg, and sugar. 2. Cook on a greased pan. 3. Flip when bubbles appear. 4. Serve with butter and syrup."
"garlic, cream, chicken, parmesan cheese, butter",Chicken Alfredo,"chicken, pasta, cream, garlic, butter, parmesan cheese","1. Cook pasta. 2. Sauté chicken with garlic. 3. Add cream, butter, and cheese. 4. Mix with pasta and serve."
"butter, parsley, garlic",Garlic Bread,"bread, butter, garlic, parsley",1. Mix butter with minced garlic and parsley. 2. Spread on bread. 3. Bake until golden brown. 4. Serve hot.
"garlic, broccoli, olive oil, bell pepper, carrot",Vegetable Stir Fry,"broccoli, carrot, bell pepper, soy sauce, garlic, olive oil",1. Chop vegetables. 2. Stir-fry in olive oil. 3. Add soy sauce and garlic. 4. Cook until tender and serve.
"garlic, soy sauce, rice, egg",Egg Fried Rice,"rice, egg, soy sauce, garlic, spring onion",1. Scramble eggs in a pan. 2. Add cooked rice and soy sauce. 3. Stir-fry with garlic and onions. 4. Serve hot.
"bell pepper, olive oil, broccoli, garlic, soy sauce, carrot",Vegetable Stir Fry,"broccoli, carrot, bell pepper, soy sauce, garlic, olive oil",1. Chop vegetables. 2. Stir-fry in olive oil. 3. Add soy sauce and garlic. 4. Cook until tender and serve.
"rice, garlic, soy sauce, spring onion, egg",Egg Fried Rice,"rice, egg, soy sauce, garlic, spring onion",1. Scramble eggs in a pan. 2. Add cooked rice and soy sauce. 3. Stir-fry with garlic and onions. 4. Serve hot.
"garlic, pasta, cream, chicken, parmesan cheese, butter",Chicken Alfredo,"chicken, pasta, cream, garlic, butter, parmesan cheese","1. Cook pasta. 2. Sauté chicken with garlic. 3. Add cream, butter, and cheese. 4. Mix with pasta and serve."
"soy sauce, carrot, broccoli",Vegetable Stir Fry,"broccoli, carrot, bell pepper, soy sauce, garlic, olive oil",1. Chop vegetables. 2. Stir-fry in olive oil. 3. Add soy sauce and garlic. 4. Cook until tender and serve.
"bell pepper, soy sauce, garlic, olive oil",Vegetable Stir Fry,"broccoli, carrot, bell pepper, soy sauce, garlic, olive oil",1. Chop vegetables. 2. Stir-fry in olive oil. 3. Add soy sauce and garlic. 4. Cook until tender and serve.
"garlic, pasta, chicken",Chicken Alfredo,"chicken, pasta, cream, garlic, butter, parmesan cheese","1. Cook pasta. 2. Sauté chicken with garlic. 3. Add cream, butter, and cheese. 4. Mix with pasta and serve."
"banana, honey, milk",Banana Smoothie,"banana, milk, honey","1. Blend banana, milk, and honey. 2. Pour into a glass. 3. Serve chilled."
"milk, banana, honey",Banana Smoothie,"banana, milk, honey","1. Blend banana, milk, and honey. 2. Pour into a glass. 3. Serve chilled."
"honey, banana, milk",Banana Smoothie,"banana, milk, honey","1. Blend banana, milk, and honey. 2. Pour into a glass. 3. Serve chilled."
"bread, garlic, butter",Garlic Bread,"bread, butter, garlic, parsley",1. Mix butter with minced garlic and parsley. 2. Spread on bread. 3. Bake until golden brown. 4. Serve hot.
"egg, butter, milk, flour",Pancakes,"flour, milk, egg, sugar, butter","1. Mix flour, milk, egg, and sugar. 2. Cook on a greased pan. 3. Flip when bubbles appear. 4. Serve with butter and syrup."
"honey, banana, milk",Banana Smoothie,"banana, milk, honey","1. Blend banana, milk, and honey. 2. Pour into a glass. 3. Serve chilled."
"bacon, spaghetti, cheese, black pepper, egg",Spaghetti Carbonara,"spaghetti, egg, cheese, bacon, black pepper",1. Boil spaghetti. 2. Cook bacon until crispy. 3. Mix eggs and cheese. 4. Combine everything and serve.
"banana, honey, milk",Banana Smoothie,"banana, milk, honey","1. Blend banana, milk, and honey. 2. Pour into a glass. 3. Serve chilled."
"banana, honey, milk",Banana Smoothie,"banana, milk, honey","1. Blend banana, milk, and honey. 2. Pour into a glass. 3. Serve chilled."
"broccoli, soy sauce, olive oil, garlic, carrot, bell pepper",Vegetable Stir Fry,"broccoli, carrot, bell pepper, soy sauce, garlic, olive oil",1. Chop vegetables. 2. Stir-fry in olive oil. 3. Add soy sauce and garlic. 4. Cook until tender and serve.
"black pepper, onion, tomato, butter",Tomato Soup,"tomato, garlic, onion, butter, black pepper",1. Sauté onions and garlic in butter. 2. Add chopped tomatoes and cook. 3. Blend smooth and season. 4. Serve hot.
"garlic, egg, rice, soy sauce",Egg Fried Rice,"rice, egg, soy sauce, garlic, spring onion",1. Scramble eggs in a pan. 2. Add cooked rice and soy sauce. 3. Stir-fry with garlic and onions. 4. Serve hot.
"broccoli, garlic, carrot, olive oil, bell pepper",Vegetable Stir Fry,"broccoli, carrot, bell pepper, soy sauce, garlic, olive oil",1. Chop vegetables. 2. Stir-fry in olive oil. 3. Add soy sauce and garlic. 4. Cook until tender and serve.
"broccoli, olive oil, soy sauce, bell pepper, carrot",Vegetable Stir Fry,"broccoli, carrot, bell pepper, soy sauce, garlic, olive oil",1. Chop vegetables. 2. Stir-fry in olive oil. 3. Add soy sauce and garlic. 4. Cook until tender and serve.
"honey, milk, banana",Banana Smoothie,"banana, milk, honey","1. Blend banana, milk, and honey. 2. Pour into a glass. 3. Serve chilled."
"milk, egg, flour, butter",Pancakes,"flour, milk, egg, sugar, butter","1. Mix flour, milk, egg, and sugar. 2. Cook on a greased pan. 3. Flip when bubbles appear. 4. Serve with butter and syrup."
"butter, black pepper, garlic, onion",Tomato Soup,"tomato, garlic, onion, butter, black pepper",1. Sauté onions and garlic in butter. 2. Add chopped tomatoes and cook. 3. Blend smooth and season. 4. Serve hot.
"tomato, black pepper, garlic, onion",Tomato Soup,"tomato, garlic, onion, butter, black pepper",1. Sauté onions and garlic in butter. 2. Add chopped tomatoes and cook. 3. Blend smooth and season. 4. Serve hot.
"milk, honey, banana",Banana Smoothie,"banana, milk, honey","1. Blend banana, milk, and honey. 2. Pour into a glass. 3. Serve chilled."
"cheese, bacon, black pepper",Spaghetti Carbonara,"spaghetti, egg, cheese, bacon, black pepper",1. Boil spaghetti. 2. Cook bacon until crispy. 3. Mix eggs and cheese. 4. Combine everything and serve.
"black pepper, egg, cheese, bacon, spaghetti",Spaghetti Carbonara,"spaghetti, egg, cheese, bacon, black pepper",1. Boil spaghetti. 2. Cook bacon until crispy. 3. Mix eggs and cheese. 4. Combine everything and serve.
"garlic, egg, spring onion, rice, soy sauce",Egg Fried Rice,"rice, egg, soy sauce, garlic, spring onion",1. Scramble eggs in a pan. 2. Add cooked rice and soy sauce. 3. Stir-fry with garlic and onions. 4. Serve hot.
"garlic, tomato, butter, black pepper",Tomato Soup,"tomato, garlic, onion, butter, black pepper",1. Sauté onions and garlic in butter. 2. Add chopped tomatoes and cook. 3. Blend smooth and season. 4. Serve hot.
"garlic, chicken, yogurt, rice, turmeric, cumin",Chicken Biryani,"chicken, rice, yogurt, garlic, cumin, turmeric",1. Marinate chicken in yogurt and spices. 2. Cook rice with spices. 3. Layer chicken and rice together. 4. Serve hot.
"garlic, yogurt, chicken, turmeric, rice, cumin",Chicken Biryani,"chicken, rice, yogurt, garlic, cumin, turmeric",1. Marinate chicken in yogurt and spices. 2. Cook rice with spices. 3. Layer chicken and rice together. 4. Serve hot.
"turmeric, garlic, yogurt, chicken, rice, cumin",Chicken Biryani,"chicken, rice, yogurt, garlic, cumin, turmeric",1. Marinate chicken in yogurt and spices. 2. Cook rice with spices. 3. Layer chicken and rice together. 4. Serve hot.
"banana, honey, milk",Banana Smoothie,"banana, milk, honey","1. Blend banana, milk, and honey. 2. Pour into a glass. 3. Serve chilled."
"spring onion, garlic, rice",Egg Fried Rice,"rice, egg, soy sauce, garlic, spring onion",1. Scramble eggs in a pan. 2. Add cooked rice and soy sauce. 3. Stir-fry with garlic and onions. 4. Serve hot.
"black pepper, egg, bacon",Spaghetti Carbonara,"spaghetti, egg, cheese, bacon, black pepper",1. Boil spaghetti. 2. Cook bacon until crispy. 3. Mix eggs and cheese. 4. Combine everything and serve.
"bell pepper, olive oil, carrot, garlic, broccoli, soy sauce",Vegetable Stir Fry,"broccoli, carrot, bell pepper, soy sauce, garlic, olive oil",1. Chop vegetables. 2. Stir-fry in olive oil. 3. Add soy sauce and garlic. 4. Cook until tender and serve.
"pasta, cream, garlic",Chicken Alfredo,"chicken, pasta, cream, garlic, butter, parmesan cheese","1. Cook pasta. 2. Sauté chicken with garlic. 3. Add cream, butter, and cheese. 4. Mix with pasta and serve."
"garlic, rice, cumin, chicken, yogurt",Chicken Biryani,"chicken, rice, yogurt, garlic, cumin, turmeric",1. Marinate chicken in yogurt and spices. 2. Cook rice with spices. 3. Layer chicken and rice together. 4. Serve hot.
"egg, rice, garlic, spring onion",Egg Fried Rice,"rice, egg, soy sauce, garlic, spring onion",1. Scramble eggs in a pan. 2. Add cooked rice and soy sauce. 3. Stir-fry with garlic and onions. 4. Serve hot.
"butter, black pepper, garlic, tomato",Tomato Soup,"tomato, garlic, onion, butter, black pepper",1. Sauté onions and garlic in butter. 2. Add chopped tomatoes and cook. 3. Blend smooth and season. 4. Serve hot.
"rice, garlic, chicken, yogurt, cumin, turmeric",Chicken Biryani,"chicken, rice, yogurt, garlic, cumin, turmeric",1. Marinate chicken in yogurt and spices. 2. Cook rice with spices. 3. Layer chicken and rice together. 4. Serve hot.
"garlic, spring onion, rice, soy sauce",Egg Fried Rice,"rice, egg, soy sauce, garlic, spring onion",1. Scramble eggs in a pan. 2. Add cooked rice and soy sauce. 3. Stir-fry with garlic and onions. 4. Serve hot.
"rice, spring onion, soy sauce",Egg Fried Rice,"rice, egg, soy sauce, garlic, spring onion",1. Scramble eggs in a pan. 2. Add cooked rice and soy sauce. 3. Stir-fry with garlic and onions. 4. Serve hot.
"egg, sugar, milk",Pancakes,"flour, milk, egg, sugar, butter","1. Mix flour, milk, egg, and sugar. 2. Cook on a greased pan. 3. Flip when bubbles appear. 4. Serve with butter and syrup."
"chicken, rice, turmeric, garlic",Chicken Biryani,"chicken, rice, yogurt, garlic, cumin, turmeric",1. Marinate chicken in yogurt and spices. 2. Cook rice with spices. 3. Layer chicken and rice together. 4. Serve hot.
"black pepper, butter, tomato",Tomato Soup,"tomato, garlic, onion, butter, black pepper",1. Sauté onions and garlic in butter. 2. Add chopped tomatoes and cook. 3. Blend smooth and season. 4. Serve hot.
"cumin, rice, chicken",Chicken Biryani,"chicken, rice, yogurt, garlic, cumin, turmeric",1. Marinate chicken in yogurt and spices. 2. Cook rice with spices. 3. Layer chicken and rice together. 4. Serve hot.
"cream, butter, chicken, garlic, pasta, parmesan cheese",Chicken Alfredo,"chicken, pasta, cream, garlic, butter, parmesan cheese","1. Cook pasta. 2. Sauté chicken with garlic. 3. Add cream, butter, and cheese. 4. Mix with pasta and serve."
"onion, butter, garlic",Tomato Soup,"tomato, garlic, onion, butter, black pepper",1. Sauté onions and garlic in butter. 2. Add chopped tomatoes and cook. 3. Blend smooth and season. 4. Serve hot.
"garlic, turmeric, cumin, rice, chicken",Chicken Biryani,"chicken, rice, yogurt, garlic, cumin, turmeric",1. Marinate chicken in yogurt and spices. 2. Cook rice with spices. 3. Layer chicken and rice together. 4. Serve hot.
"honey, banana, milk",Banana Smoothie,"banana, milk, honey","1. Blend banana, milk, and honey. 2. Pour into a glass. 3. Serve chilled."
"spring onion, garlic, rice, soy sauce, egg",Egg Fried Rice,"rice, egg, soy sauce, garlic, spring onion",1. Scramble eggs in a pan. 2. Add cooked rice and soy sauce. 3. Stir-fry with garlic and onions. 4. Serve hot.
"sugar, flour, egg, butter",Pancakes,"flour, milk, egg, sugar, butter","1. Mix flour, milk, egg, and sugar. 2. Cook on a greased pan. 3. Flip when bubbles appear. 4. Serve with butter and syrup."
"garlic, parsley, bread",Garlic Bread,"bread, butter, garlic, parsley",1. Mix butter with minced garlic and parsley. 2. Spread on bread. 3. Bake until golden brown. 4. Serve hot.
"parsley, butter, garlic",Garlic Bread,"bread, butter, garlic, parsley",1. Mix butter with minced garlic and parsley. 2. Spread on bread. 3. Bake until golden brown. 4. Serve hot.
"garlic, turmeric, cumin, chicken, yogurt",Chicken Biryani,"chicken, rice, yogurt, garlic, cumin, turmeric",1. Marinate chicken in yogurt and spices. 2. Cook rice with spices. 3. Layer chicken and rice together. 4. Serve hot.
"black pepper, butter, onion, garlic",Tomato Soup,"tomato, garlic, onion, butter, black pepper",1. Sauté onions and garlic in butter. 2. Add chopped tomatoes and cook. 3. Blend smooth and season. 4. Serve hot.
"milk, sugar, butter",Pancakes,"flour, milk, egg, sugar, butter","1. Mix flour, milk, egg, and sugar. 2. Cook on a greased pan. 3. Flip when bubbles appear. 4. Serve with butter and syrup."
"spring onion, egg, soy sauce, rice, garlic",Egg Fried Rice,"rice, egg, soy sauce, garlic, spring onion",1. Scramble eggs in a pan. 2. Add cooked rice and soy sauce. 3. Stir-fry with garlic and onions. 4. Serve hot.
"garlic, parsley, bread",Garlic Bread,"bread, butter, garlic, parsley",1. Mix butter with minced garlic and parsley. 2. Spread on bread. 3. Bake until golden brown. 4. Serve hot.
"garlic, cream, butter",Chicken Alfredo,"chicken, pasta, cream, garlic, butter, parmesan cheese","1. Cook pasta. 2. Sauté chicken with garlic. 3. Add cream, butter, and cheese. 4. Mix with pasta and serve."
"butter, cheese, bread",Grilled Cheese Sandwich,"bread, butter, cheese",1. Butter bread slices. 2. Add cheese between slices. 3. Grill until golden brown. 4. Serve hot.
"parsley, bread, garlic, butter",Garlic Bread,"bread, butter, garlic, parsley",1. Mix butter with minced garlic and parsley. 2. Spread on bread. 3. Bake until golden brown. 4. Serve hot.
"rice, chicken, cumin",Chicken Biryani,"chicken, rice, yogurt, garlic, cumin, turmeric",1. Marinate chicken in yogurt and spices. 2. Cook rice with spices. 3. Layer chicken and rice together. 4. Serve hot.
"garlic, parsley, butter, bread",Garlic Bread,"bread, butter, garlic, parsley",1. Mix butter with minced garlic and parsley. 2. Spread on bread. 3. Bake until golden brown. 4. Serve hot.
"butter, bread, cheese",Grilled Cheese Sandwich,"bread, butter, cheese",1. Butter bread slices. 2. Add cheese between slices. 3. Grill until golden brown. 4. Serve hot.
"garlic, chicken, rice",Chicken Biryani,"chicken, rice, yogurt, garlic, cumin, turmeric",1. Marinate chicken in yogurt and spices. 2. Cook rice with spices. 3. Layer chicken and rice together. 4. Serve hot.
"egg, spring onion, rice, garlic, soy sauce",Egg Fried Rice,"rice, egg, soy sauce, garlic, spring onion",1. Scramble eggs in a pan. 2. Add cooked rice and soy sauce. 3. Stir-fry with garlic and onions. 4. Serve hot.
"rice, cumin, turmeric, yogurt, garlic",Chicken Biryani,"chicken, rice, yogurt, garlic, cumin, turmeric",1. Marinate chicken in yogurt and spices. 2. Cook rice with spices. 3. Layer chicken and rice together. 4. Serve hot.
"turmeric, yogurt, garlic, cumin, chicken, rice",Chicken Biryani,"chicken, rice, yogurt, garlic, cumin, turmeric",1. Marinate chicken in yogurt and spices. 2. Cook rice with spices. 3. Layer chicken and rice together. 4. Serve hot.
"milk, honey, banana",Banana Smoothie,"banana, milk, honey","1. Blend banana, milk, and honey. 2. Pour into a glass. 3. Serve chilled."
"butter, cheese, bread",Grilled Cheese Sandwich,"bread, butter, cheese",1. Butter bread slices. 2. Add cheese between slices. 3. Grill until golden brown. 4. Serve hot.
"parsley, butter, garlic",Garlic Bread,"bread, butter, garlic, parsley",1. Mix butter with minced garlic and parsley. 2. Spread on bread. 3. Bake until golden brown. 4. Serve hot.
"garlic, yogurt, chicken, rice, cumin, turmeric",Chicken Biryani,"chicken, rice, yogurt, garlic, cumin, turmeric",1. Marinate chicken in yogurt and spices. 2. Cook rice with spices. 3. Layer chicken and rice together. 4. Serve hot.
"soy sauce, bell pepper, broccoli, garlic, olive oil",Vegetable Stir Fry,"broccoli, carrot, bell pepper, soy sauce, garlic, olive oil",1. Chop vegetables. 2. Stir-fry in olive oil. 3. Add soy sauce and garlic. 4. Cook until tender and serve.
"bread, butter, cheese",Grilled Cheese Sandwich,"bread, butter, cheese",1. Butter bread slices. 2. Add cheese between slices. 3. Grill until golden brown. 4. Serve hot.
"parmesan cheese, pasta, chicken, garlic, cream, butter",Chicken Alfredo,"chicken, pasta, cream, garlic, butter, parmesan cheese","1. Cook pasta. 2. Sauté chicken with garlic. 3. Add cream, butter, and cheese. 4. Mix with pasta and serve."
"parmesan cheese, chicken, garlic, pasta",Chicken Alfredo,"chicken, pasta, cream, garlic, butter, parmesan cheese","1. Cook pasta. 2. Sauté chicken with garlic. 3. Add cream, butter, and cheese. 4. Mix with pasta and serve."
"butter, cheese, bread",Grilled Cheese Sandwich,"bread, butter, cheese",1. Butter bread slices. 2. Add cheese between slices. 3. Grill until golden brown. 4. Serve hot.
"butter, black pepper, onion",Tomato Soup,"tomato, garlic, onion, butter, black pepper",1. Sauté onions and garlic in butter. 2. Add chopped tomatoes and cook. 3. Blend smooth and season. 4. Serve hot.
"egg, flour, butter, milk, sugar",Pancakes,"flour, milk, egg, sugar, butter","1. Mix flour, milk, egg, and sugar. 2. Cook on a greased pan. 3. Flip when bubbles appear. 4. Serve with butter and syrup."
"milk, egg, sugar, butter, flour",Pancakes,"flour, milk, egg, sugar, butter","1. Mix flour, milk, egg, and sugar. 2. Cook on a greased pan. 3. Flip when bubbles appear. 4. Serve with butter and syrup."
"spaghetti, egg, bacon, cheese, black pepper",Spaghetti Carbonara,"spaghetti, egg, cheese, bacon, black pepper",1. Boil spaghetti. 2. Cook bacon until crispy. 3. Mix eggs and cheese. 4. Combine everything and serve.
"rice, garlic, spring onion, soy sauce, egg",Egg Fried Rice,"rice, egg, soy sauce, garlic, spring onion",1. Scramble eggs in a pan. 2. Add cooked rice and soy sauce. 3. Stir-fry with garlic and onions. 4. Serve hot.
"olive oil, soy sauce, carrot, garlic, broccoli",Vegetable Stir Fry,"broccoli, carrot, bell pepper, soy sauce, garlic, olive oil",1. Chop vegetables. 2. Stir-fry in olive oil. 3. Add soy sauce and garlic. 4. Cook until tender and serve.
"chicken, garlic, cumin, rice",Chicken Biryani,"chicken, rice, yogurt, garlic, cumin, turmeric",1. Marinate chicken in yogurt and spices. 2. Cook rice with spices. 3. Layer chicken and rice together. 4. Serve hot.
"cheese, butter, bread",Grilled Cheese Sandwich,"bread, butter, cheese",1. Butter bread slices. 2. Add cheese between slices. 3. Grill until golden brown. 4. Serve hot.
"soy sauce, carrot, garlic, broccoli",Vegetable Stir Fry,"broccoli, carrot, bell pepper, soy sauce, garlic, olive oil",1. Chop vegetables. 2. Stir-fry in olive oil. 3. Add soy sauce and garlic. 4. Cook until tender and serve.
"honey, milk, banana",Banana Smoothie,"banana, milk, honey","1. Blend banana, milk, and honey. 2. Pour into a glass. 3. Serve chilled."
"butter, garlic, onion, tomato",Tomato Soup,"tomato, garlic, onion, butter, black pepper",1. Sauté onions and garlic in butter. 2. Add chopped tomatoes and cook. 3. Blend smooth and season. 4. Serve hot.
"spaghetti, cheese, bacon, black pepper",Spaghetti Carbonara,"spaghetti, egg, cheese, bacon, black pepper",1. Boil spaghetti. 2. Cook bacon until crispy. 3. Mix eggs and cheese. 4. Combine everything and serve.
"carrot, broccoli, garlic",Vegetable Stir Fry,"broccoli, carrot, bell pepper, soy sauce, garlic, olive oil",1. Chop vegetables. 2. Stir-fry in olive oil. 3. Add soy sauce and garlic. 4. Cook until tender and serve.
"soy sauce, bell pepper, garlic",Vegetable Stir Fry,"broccoli, carrot, bell pepper, soy sauce, garlic, olive oil",1. Chop vegetables. 2. Stir-fry in olive oil. 3. Add soy sauce and garlic. 4. Cook until tender and serve.
"egg, flour, butter",Pancakes,"flour, milk, egg, sugar, butter","1. Mix flour, milk, egg, and sugar. 2. Cook on a greased pan. 3. Flip when bubbles appear. 4. Serve with butter and syrup."
"cheese, butter, bread",Grilled Cheese Sandwich,"bread, butter, cheese",1. Butter bread slices. 2. Add cheese between slices. 3. Grill until golden brown. 4. Serve hot.
"tomato, butter, onion, black pepper, garlic",Tomato Soup,"tomato, garlic, onion, butter, black pepper",1. Sauté onions and garlic in butter. 2. Add chopped tomatoes and cook. 3. Blend smooth and season. 4. Serve hot.
"flour, milk, sugar",Pancakes,"flour, milk, egg, sugar, butter","1. Mix flour, milk, egg, and sugar. 2. Cook on a greased pan. 3. Flip when bubbles appear. 4. Serve with butter and syrup."
"garlic, soy sauce, bell pepper, broccoli",Vegetable Stir Fry,"broccoli, carrot, bell pepper, soy sauce, garlic, olive oil",1. Chop vegetables. 2. Stir-fry in olive oil. 3. Add soy sauce and garlic. 4. Cook until tender and serve.
"soy sauce, carrot, bell pepper, garlic, olive oil, broccoli",Vegetable Stir Fry,"broccoli, carrot, bell pepper, soy sauce, garlic, olive oil",1. Chop vegetables. 2. Stir-fry in olive oil. 3. Add soy sauce and garlic. 4. Cook until tender and serve.
"chicken, rice, cumin, garlic",Chicken Biryani,"chicken, rice, yogurt, garlic, cumin, turmeric",1. Marinate chicken in yogurt and spices. 2. Cook rice with spices. 3. Layer chicken and rice together. 4. Serve hot.
"bread, butter, cheese",Grilled Cheese Sandwich,"bread, butter, cheese",1. Butter bread slices. 2. Add cheese between slices. 3. Grill until golden brown. 4. Serve hot.
"rice, cumin, garlic, yogurt, chicken",Chicken Biryani,"chicken, rice, yogurt, garlic, cumin, turmeric",1. Marinate chicken in yogurt and spices. 2. Cook rice with spices. 3. Layer chicken and rice together. 4. Serve hot.
"banana, milk, honey",Banana Smoothie,"banana, milk, honey","1. Blend banana, milk, and honey. 2. Pour into a glass. 3. Serve chilled."
"rice, yogurt, turmeric, chicken, garlic",Chicken Biryani,"chicken, rice, yogurt, garlic, cumin, turmeric",1. Marinate chicken in yogurt and spices. 2. Cook rice with spices. 3. Layer chicken and rice together. 4. Serve hot.
"garlic, bell pepper, olive oil, soy sauce, broccoli, carrot",Vegetable Stir Fry,"broccoli, carrot, bell pepper, soy sauce, garlic, olive oil",1. Chop vegetables. 2. Stir-fry in olive oil. 3. Add soy sauce and garlic. 4. Cook until tender and serve.
"spaghetti, cheese, bacon",Spaghetti Carbonara,"spaghetti, egg, cheese, bacon, black pepper",1. Boil spaghetti. 2. Cook bacon until crispy. 3. Mix eggs and cheese. 4. Combine everything and serve.
"bread, cheese, butter",Grilled Cheese Sandwich,"bread, butter, cheese",1. Butter bread slices. 2. Add cheese between slices. 3. Grill until golden brown. 4. Serve hot.
"soy sauce, garlic, bell pepper, broccoli, carrot",Vegetable Stir Fry,"broccoli, carrot, bell pepper, soy sauce, garlic, olive oil",1. Chop vegetables. 2. Stir-fry in olive oil. 3. Add soy sauce and garlic. 4. Cook until tender and serve.
"butter, milk, sugar, egg, flour",Pancakes,"flour, milk, egg, sugar, butter","1. Mix flour, milk, egg, and sugar. 2. Cook on a greased pan. 3. Flip when bubbles appear. 4. Serve with butter and syrup."
"parmesan cheese, butter, chicken, garlic, cream",Chicken Alfredo,"chicken, pasta, cream, garlic, butter, parmesan cheese","1. Cook pasta. 2. Sauté chicken with garlic. 3. Add cream, butter, and cheese. 4. Mix with pasta and serve."
"rice, cumin, yogurt, chicken, turmeric, garlic",Chicken Biryani,"chicken, rice, yogurt, garlic, cumin, turmeric",1. Marinate chicken in yogurt and spices. 2. Cook rice with spices. 3. Layer chicken and rice together. 4. Serve hot.
"banana, honey, milk",Banana Smoothie,"banana, milk, honey","1. Blend banana, milk, and honey. 2. Pour into a glass. 3. Serve chilled."
"banana, milk, honey",Banana Smoothie,"banana, milk, honey","1. Blend banana, milk, and honey. 2. Pour into a glass. 3. Serve chilled."
"cheese, bacon, egg, spaghetti",Spaghetti Carbonara,"spaghetti, egg, cheese, bacon, black pepper",1. Boil spaghetti. 2. Cook bacon until crispy. 3. Mix eggs and cheese. 4. Combine everything and serve.
"cheese, bread, butter",Grilled Cheese Sandwich,"bread, butter, cheese",1. Butter bread slices. 2. Add cheese between slices. 3. Grill until golden brown. 4. Serve hot.
"egg, butter, flour, sugar",Pancakes,"flour, milk, egg, sugar, butter","1. Mix flour, milk, egg, and sugar. 2. Cook on a greased pan. 3. Flip when bubbles appear. 4. Serve with butter and syrup."
"garlic, bread, parsley",Garlic Bread,"bread, butter, garlic, parsley",1. Mix butter with minced garlic and parsley. 2. Spread on bread. 3. Bake until golden brown. 4. Serve hot.
"butter, parmesan cheese, garlic",Chicken Alfredo,"chicken, pasta, cream, garlic, butter, parmesan cheese","1. Cook pasta. 2. Sauté chicken with garlic. 3. Add cream, butter, and cheese. 4. Mix with pasta and serve."
"garlic, onion, tomato",Tomato Soup,"tomato, garlic, onion, butter, black pepper",1. Sauté onions and garlic in butter. 2. Add chopped tomatoes and cook. 3. Blend smooth and season. 4. Serve hot.
"flour, egg, milk, sugar, butter",Pancakes,"flour, milk, egg, sugar, butter","1. Mix flour, milk, egg, and sugar. 2. Cook on a greased pan. 3. Flip when bubbles appear. 4. Serve with butter and syrup."
"egg, bacon, spaghetti, cheese, black pepper",Spaghetti Carbonara,"spaghetti, egg, cheese, bacon, black pepper",1. Boil spaghetti. 2. Cook bacon until crispy. 3. Mix eggs and cheese. 4. Combine everything and serve.
"garlic, rice, soy sauce, spring onion",Egg Fried Rice,"rice, egg, soy sauce, garlic, spring onion",1. Scramble eggs in a pan. 2. Add cooked rice and soy sauce. 3. Stir-fry with garlic and onions. 4. Serve hot.
"cream, parmesan cheese, pasta, butter",Chicken Alfredo,"chicken, pasta, cream, garlic, butter, parmesan cheese","1. Cook pasta. 2. Sauté chicken with garlic. 3. Add cream, butter, and cheese. 4. Mix with pasta and serve."
"parsley, bread, butter, garlic",Garlic Bread,"bread, butter, garlic, parsley",1. Mix butter with minced garlic and parsley. 2. Spread on bread. 3. Bake until golden brown. 4. Serve hot.
"milk, egg, sugar",Pancakes,"flour, milk, egg, sugar, butter","1. Mix flour, milk, egg, and sugar. 2. Cook on a greased pan. 3. Flip when bubbles appear. 4. Serve with butter and syrup."
"sugar, egg, flour, milk, butter",Pancakes,"flour, milk, egg, sugar, butter","1. Mix flour, milk, egg, and sugar. 2. Cook on a greased pan. 3. Flip when bubbles appear. 4. Serve with butter and syrup."
"milk, banana, honey",Banana Smoothie,"banana, milk, honey","1. Blend banana, milk, and honey. 2. Pour into a glass. 3. Serve chilled."
"spring onion, soy sauce, garlic, egg, rice",Egg Fried Rice,"rice, egg, soy sauce, garlic, spring onion",1. Scramble eggs in a pan. 2. Add cooked rice and soy sauce. 3. Stir-fry with garlic and onions. 4. Serve hot.
"bread, cheese, butter",Grilled Cheese Sandwich,"bread, butter, cheese",1. Butter bread slices. 2. Add cheese between slices. 3. Grill until golden brown. 4. Serve hot.
"chicken, parmesan cheese, pasta",Chicken Alfredo,"chicken, pasta, cream, garlic, butter, parmesan cheese","1. Cook pasta. 2. Sauté chicken with garlic. 3. Add cream, butter, and cheese. 4. Mix with pasta and serve."
"turmeric, chicken, garlic, rice, yogurt",Chicken Biryani,"chicken, rice, yogurt, garlic, cumin, turmeric",1. Marinate chicken in yogurt and spices. 2. Cook rice with spices. 3. Layer chicken and rice together. 4. Serve hot.
"chicken, pasta, butter",Chicken Alfredo,"chicken, pasta, cream, garlic, butter, parmesan cheese","1. Cook pasta. 2. Sauté chicken with garlic. 3. Add cream, butter, and cheese. 4. Mix with pasta and serve."
"butter, garlic, parsley",Garlic Bread,"bread, butter, garlic, parsley",1. Mix butter with minced garlic and parsley. 2. Spread on bread. 3. Bake until golden brown. 4. Serve hot.
"tomato, garlic, butter, onion, black pepper",Tomato Soup,"tomato, garlic, onion, butter, black pepper",1. Sauté onions and garlic in butter. 2. Add chopped tomatoes and cook. 3. Blend smooth and season. 4. Serve hot.
"chicken, parmesan cheese, garlic, butter, pasta, cream",Chicken Alfredo,"chicken, pasta, cream, garlic, butter, parmesan cheese","1. Cook pasta. 2. Sauté chicken with garlic. 3. Add cream, butter, and cheese. 4. Mix with pasta and serve."
"garlic, black pepper, butter, tomato",Tomato Soup,"tomato, garlic, onion, butter, black pepper",1. Sauté onions and garlic in butter. 2. Add chopped tomatoes and cook. 3. Blend smooth and season. 4. Serve hot.
"bacon, egg, spaghetti, cheese, black pepper",Spaghetti Carbonara,"spaghetti, egg, cheese, bacon, black pepper",1. Boil spaghetti. 2. Cook bacon until crispy. 3. Mix eggs and cheese. 4. Combine everything and serve.
"egg, rice, garlic, soy sauce",Egg Fried Rice,"rice, egg, soy sauce, garlic, spring onion",1. Scramble eggs in a pan. 2. Add cooked rice and soy sauce. 3. Stir-fry with garlic and onions. 4. Serve hot.
"spaghetti, black pepper, cheese",Spaghetti Carbonara,"spaghetti, egg, cheese, bacon, black pepper",1. Boil spaghetti. 2. Cook bacon until crispy. 3. Mix eggs and cheese. 4. Combine everything and serve.
"turmeric, cumin, rice, chicken, yogurt, garlic",Chicken Biryani,"chicken, rice, yogurt, garlic, cumin, turmeric",1. Marinate chicken in yogurt and spices. 2. Cook rice with spices. 3. Layer chicken and rice together. 4. Serve hot.
"butter, garlic, parmesan cheese, cream",Chicken Alfredo,"chicken, pasta, cream, garlic, butter, parmesan cheese","1. Cook pasta. 2. Sauté chicken with garlic. 3. Add cream, butter, and cheese. 4. Mix with pasta and serve."
"bread, butter, parsley",Garlic Bread,"bread, butter, garlic, parsley",1. Mix butter with minced garlic and parsley. 2. Spread on bread. 3. Bake until golden brown. 4. Serve hot.
"egg, butter, sugar",Pancakes,"flour, milk, egg, sugar, butter","1. Mix flour, milk, egg, and sugar. 2. Cook on a greased pan. 3. Flip when bubbles appear. 4. Serve with butter and syrup."
"black pepper, spaghetti, bacon, egg",Spaghetti Carbonara,"spaghetti, egg, cheese, bacon, black pepper",1. Boil spaghetti. 2. Cook bacon until crispy. 3. Mix eggs and cheese. 4. Combine everything and serve.
"spaghetti, cheese, bacon, egg",Spaghetti Carbonara,"spaghetti, egg, cheese, bacon, black pepper",1. Boil spaghetti. 2. Cook bacon until crispy. 3. Mix eggs and cheese. 4. Combine everything and serve.
"garlic, black pepper, butter, onion, tomato",Tomato Soup,"tomato, garlic, onion, butter, black pepper",1. Sauté onions and garlic in butter. 2. Add chopped tomatoes and cook. 3. Blend smooth and season. 4. Serve hot.
"sugar, flour, milk, egg",Pancakes,"flour, milk, egg, sugar, butter","1. Mix flour, milk, egg, and sugar. 2. Cook on a greased pan. 3. Flip when bubbles appear. 4. Serve with butter and syrup."
"banana, honey, milk",Banana Smoothie,"banana, milk, honey","1. Blend banana, milk, and honey. 2. Pour into a glass. 3. Serve chilled."
"butter, black pepper, onion",Tomato Soup,"tomato, garlic, onion, butter, black pepper",1. Sauté onions and garlic in butter. 2. Add chopped tomatoes and cook. 3. Blend smooth and season. 4. Serve hot.
"banana, milk, honey",Banana Smoothie,"banana, milk, honey","1. Blend banana, milk, and honey. 2. Pour into a glass. 3. Serve chilled."
"garlic, chicken, cream, parmesan cheese, pasta",Chicken Alfredo,"chicken, pasta, cream, garlic, butter, parmesan cheese","1. Cook pasta. 2. Sauté chicken with garlic. 3. Add cream, butter, and cheese. 4. Mix with pasta and serve."
"black pepper, spaghetti, egg",Spaghetti Carbonara,"spaghetti, egg, cheese, bacon, black pepper",1. Boil spaghetti. 2. Cook bacon until crispy. 3. Mix eggs and cheese. 4. Combine everything and serve.
"cheese, egg, bacon",Spaghetti Carbonara,"spaghetti, egg, cheese, bacon, black pepper",1. Boil spaghetti. 2. Cook bacon until crispy. 3. Mix eggs and cheese. 4. Combine everything and serve.
"pasta, garlic, cream, parmesan cheese",Chicken Alfredo,"chicken, pasta, cream, garlic, butter, parmesan cheese","1. Cook pasta. 2. Sauté chicken with garlic. 3. Add cream, butter, and cheese. 4. Mix with pasta and serve."
"garlic, tomato, onion, black pepper, butter",Tomato Soup,"tomato, garlic, onion, butter, black pepper",1. Sauté onions and garlic in butter. 2. Add chopped tomatoes and cook. 3. Blend smooth and season. 4. Serve hot.
"garlic, cream, chicken",Chicken Alfredo,"chicken, pasta, cream, garlic, butter, parmesan cheese","1. Cook pasta. 2. Sauté chicken with garlic. 3. Add cream, butter, and cheese. 4. Mix with pasta and serve."
"butter, sugar, flour, milk",Pancakes,"flour, milk, egg, sugar, butter","1. Mix flour, milk, egg, and sugar. 2. Cook on a greased pan. 3. Flip when bubbles appear. 4. Serve with butter and syrup."
"cream, parmesan cheese, pasta, garlic, chicken",Chicken Alfredo,"chicken, pasta, cream, garlic, butter, parmesan cheese","1. Cook pasta. 2. Sauté chicken with garlic. 3. Add cream, butter, and cheese. 4. Mix with pasta and serve."
"sugar, flour, egg",Pancakes,"flour, milk, egg, sugar, butter","1. Mix flour, milk, egg, and sugar. 2. Cook on a greased pan. 3. Flip when bubbles appear. 4. Serve with butter and syrup."
"black pepper, spaghetti, cheese, egg, bacon",Spaghetti Carbonara,"spaghetti, egg, cheese, bacon, black pepper",1. Boil spaghetti. 2. Cook bacon until crispy. 3. Mix eggs and cheese. 4. Combine everything and serve.
"milk, banana, honey",Banana Smoothie,"banana, milk, honey","1. Blend banana, milk, and honey. 2. Pour into a glass. 3. Serve chilled."
"flour, egg, milk, sugar",Pancakes,"flour, milk, egg, sugar, butter","1. Mix flour, milk, egg, and sugar. 2. Cook on a greased pan. 3. Flip when bubbles appear. 4. Serve with butter and syrup."
"broccoli, olive oil, bell pepper",Vegetable Stir Fry,"broccoli, carrot, bell pepper, soy sauce, garlic, olive oil",1. Chop vegetables. 2. Stir-fry in olive oil. 3. Add soy sauce and garlic. 4. Cook until tender and serve.
"cheese, butter, bread",Grilled Cheese Sandwich,"bread, butter, cheese",1. Butter bread slices. 2. Add cheese between slices. 3. Grill until golden brown. 4. Serve hot.
"cheese, bread, butter",Grilled Cheese Sandwich,"bread, butter, cheese",1. Butter bread slices. 2. Add cheese between slices. 3. Grill until golden brown. 4. Serve hot.
"milk, banana, honey",Banana Smoothie,"banana, milk, honey","1. Blend banana, milk, and honey. 2. Pour into a glass. 3. Serve chilled."
"flour, egg, butter, milk",Pancakes,"flour, milk, egg, sugar, butter","1. Mix flour, milk, egg, and sugar. 2. Cook on a greased pan. 3. Flip when bubbles appear. 4. Serve with butter and syrup."
"butter, sugar, flour, egg",Pancakes,"flour, milk, egg, sugar, butter","1. Mix flour, milk, egg, and sugar. 2. Cook on a greased pan. 3. Flip when bubbles appear. 4. Serve with butter and syrup."
"spaghetti, bacon, egg, black pepper",Spaghetti Carbonara,"spaghetti, egg, cheese, bacon, black pepper",1. Boil spaghetti. 2. Cook bacon until crispy. 3. Mix eggs and cheese. 4. Combine everything and serve.
"bacon, egg, spaghetti",Spaghetti Carbonara,"spaghetti, egg, cheese, bacon, black pepper",1. Boil spaghetti. 2. Cook bacon until crispy. 3. Mix eggs and cheese. 4. Combine everything and serve.
"honey, banana, milk",Banana Smoothie,"banana, milk, honey","1. Blend banana, milk, and honey. 2. Pour into a glass. 3. Serve chilled."
"onion, garlic, butter, black pepper, tomato",Tomato Soup,"tomato, garlic, onion, butter, black pepper",1. Sauté onions and garlic in butter. 2. Add chopped tomatoes and cook. 3. Blend smooth and season. 4. Serve hot.
"parmesan cheese, butter, cream, pasta",Chicken Alfredo,"chicken, pasta, cream, garlic, butter, parmesan cheese","1. Cook pasta. 2. Sauté chicken with garlic. 3. Add cream, butter, and cheese. 4. Mix with pasta and serve."
"bacon, spaghetti, black pepper",Spaghetti Carbonara,"spaghetti, egg, cheese, bacon, black pepper",1. Boil spaghetti. 2. Cook bacon until crispy. 3. Mix eggs and cheese. 4. Combine everything and serve.
"parmesan cheese, pasta, cream, chicken, butter",Chicken Alfredo,"chicken, pasta, cream, garlic, butter, parmesan cheese","1. Cook pasta. 2. Sauté chicken with garlic. 3. Add cream, butter, and cheese. 4. Mix with pasta and serve."
"garlic, carrot, bell pepper, olive oil, broccoli, soy sauce",Vegetable Stir Fry,"broccoli, carrot, bell pepper, soy sauce, garlic, olive oil",1. Chop vegetables. 2. Stir-fry in olive oil. 3. Add soy sauce and garlic. 4. Cook until tender and serve.
"milk, sugar, butter",Pancakes,"flour, milk, egg, sugar, butter","1. Mix flour, milk, egg, and sugar. 2. Cook on a greased pan. 3. Flip when bubbles appear. 4. Serve with butter and syrup."
"spaghetti, egg, cheese, bacon, black pepper",Spaghetti Carbonara,"spaghetti, egg, cheese, bacon, black pepper",1. Boil spaghetti. 2. Cook bacon until crispy. 3. Mix eggs and cheese. 4. Combine everything and serve.
"spaghetti, cheese, bacon, egg, black pepper",Spaghetti Carbonara,"spaghetti, egg, cheese, bacon, black pepper",1. Boil spaghetti. 2. Cook bacon until crispy. 3. Mix eggs and cheese. 4. Combine everything and serve.
"turmeric, cumin, garlic, chicken, yogurt",Chicken Biryani,"chicken, rice, yogurt, garlic, cumin, turmeric",1. Marinate chicken in yogurt and spices. 2. Cook rice with spices. 3. Layer chicken and rice together. 4. Serve hot.
"butter, chicken, garlic, parmesan cheese",Chicken Alfredo,"chicken, pasta, cream, garlic, butter, parmesan cheese","1. Cook pasta. 2. Sauté chicken with garlic. 3. Add cream, butter, and cheese. 4. Mix with pasta and serve."
"butter, parsley, garlic, bread",Garlic Bread,"bread, butter, garlic, parsley",1. Mix butter with minced garlic and parsley. 2. Spread on bread. 3. Bake until golden brown. 4. Serve hot.
"spring onion, rice, garlic, egg",Egg Fried Rice,"rice, egg, soy sauce, garlic, spring onion",1. Scramble eggs in a pan. 2. Add cooked rice and soy sauce. 3. Stir-fry with garlic and onions. 4. Serve hot.
"milk, banana, honey",Banana Smoothie,"banana, milk, honey","1. Blend banana, milk, and honey. 2. Pour into a glass. 3. Serve chilled."
"rice, garlic, soy sauce",Egg Fried Rice,"rice, egg, soy sauce, garlic, spring onion",1. Scramble eggs in a pan. 2. Add cooked rice and soy sauce. 3. Stir-fry with garlic and onions. 4. Serve hot.
"pasta, butter, chicken, garlic, parmesan cheese, cream",Chicken Alfredo,"chicken, pasta, cream, garlic, butter, parmesan cheese","1. Cook pasta. 2. Sauté chicken with garlic. 3. Add cream, butter, and cheese. 4. Mix with pasta and serve."
"parmesan cheese, cream, garlic, chicken, pasta, butter",Chicken Alfredo,"chicken, pasta, cream, garlic, butter, parmesan cheese","1. Cook pasta. 2. Sauté chicken with garlic. 3. Add cream, butter, and cheese. 4. Mix with pasta and serve."
"butter, bread, cheese",Grilled Cheese Sandwich,"bread, butter, cheese",1. Butter bread slices. 2. Add cheese between slices. 3. Grill until golden brown. 4. Serve hot.
"honey, banana, milk",Banana Smoothie,"banana, milk, honey","1. Blend banana, milk, and honey. 2. Pour into a glass. 3. Serve chilled."
"banana, milk, honey",Banana Smoothie,"banana, milk, honey","1. Blend banana, milk, and honey. 2. Pour into a glass. 3. Serve chilled."
"soy sauce, broccoli, garlic, carrot, olive oil",Vegetable Stir Fry,"broccoli, carrot, bell pepper, soy sauce, garlic, olive oil",1. Chop vegetables. 2. Stir-fry in olive oil. 3. Add soy sauce and garlic. 4. Cook until tender and serve.
"milk, banana, honey",Banana Smoothie,"banana, milk, honey","1. Blend banana, milk, and honey. 2. Pour into a glass. 3. Serve chilled."
"bread, parsley, garlic, butter",Garlic Bread,"bread, butter, garlic, parsley",1. Mix butter with minced garlic and parsley. 2. Spread on bread. 3. Bake until golden brown. 4. Serve hot.
"yogurt, garlic, cumin, rice, turmeric, chicken",Chicken Biryani,"chicken, rice, yogurt, garlic, cumin, turmeric",1. Marinate chicken in yogurt and spices. 2. Cook rice with spices. 3. Layer chicken and rice together. 4. Serve hot.
"honey, milk, banana",Banana Smoothie,"banana, milk, honey","1. Blend banana, milk, and honey. 2. Pour into a glass. 3. Serve chilled."
"bread, butter, cheese",Grilled Cheese Sandwich,"bread, butter, cheese",1. Butter bread slices. 2. Add cheese between slices. 3. Grill until golden brown. 4. Serve hot.
"onion, black pepper, butter, tomato, garlic",Tomato Soup,"tomato, garlic, onion, butter, black pepper",1. Sauté onions and garlic in butter. 2. Add chopped tomatoes and cook. 3. Blend smooth and season. 4. Serve hot.
"spaghetti, black pepper, egg, cheese",Spaghetti Carbonara,"spaghetti, egg, cheese, bacon, black pepper",1. Boil spaghetti. 2. Cook bacon until crispy. 3. Mix eggs and cheese. 4. Combine everything and serve.
"butter, parsley, garlic, bread",Garlic Bread,"bread, butter, garlic, parsley",1. Mix butter with minced garlic and parsley. 2. Spread on bread. 3. Bake until golden brown. 4. Serve hot.
"cheese, butter, bread",Grilled Cheese Sandwich,"bread, butter, cheese",1. Butter bread slices. 2. Add cheese between slices. 3. Grill until golden brown. 4. Serve hot.
"parmesan cheese, cream, butter, garlic",Chicken Alfredo,"chicken, pasta, cream, garlic, butter, parmesan cheese","1. Cook pasta. 2. Sauté chicken with garlic. 3. Add cream, butter, and cheese. 4. Mix with pasta and serve."
"garlic, spring onion, rice, soy sauce, egg",Egg Fried Rice,"rice, egg, soy sauce, garlic, spring onion",1. Scramble eggs in a pan. 2. Add cooked rice and soy sauce. 3. Stir-fry with garlic and onions. 4. Serve hot.
"cumin, rice, yogurt, chicken, garlic",Chicken Biryani,"chicken, rice, yogurt, garlic, cumin, turmeric",1. Marinate chicken in yogurt and spices. 2. Cook rice with spices. 3. Layer chicken and rice together. 4. Serve hot.
"cheese, butter, bread",Grilled Cheese Sandwich,"bread, butter, cheese",1. Butter bread slices. 2. Add cheese between slices. 3. Grill until golden brown. 4. Serve hot.
"soy sauce, carrot, olive oil, broccoli",Vegetable Stir Fry,"broccoli, carrot, bell pepper, soy sauce, garlic, olive oil",1. Chop vegetables. 2. Stir-fry in olive oil. 3. Add soy sauce and garlic. 4. Cook until tender and serve.
"garlic, tomato, butter",Tomato Soup,"tomato, garlic, onion, butter, black pepper",1. Sauté onions and garlic in butter. 2. Add chopped tomatoes and cook. 3. Blend smooth and season. 4. Serve hot.
"butter, garlic, parsley, bread",Garlic Bread,"bread, butter, garlic, parsley",1. Mix butter with minced garlic and parsley. 2. Spread on bread. 3. Bake until golden brown. 4. Serve hot.
"milk, egg, sugar, flour, butter",Pancakes,"flour, milk, egg, sugar, butter","1. Mix flour, milk, egg, and sugar. 2. Cook on a greased pan. 3. Flip when bubbles appear. 4. Serve with butter and syrup."
"egg, butter, sugar, flour",Pancakes,"flour, milk, egg, sugar, butter","1. Mix flour, milk, egg, and sugar. 2. Cook on a greased pan. 3. Flip when bubbles appear. 4. Serve with butter and syrup."
"butter, cheese, bread",Grilled Cheese Sandwich,"bread, butter, cheese",1. Butter bread slices. 2. Add cheese between slices. 3. Grill until golden brown. 4. Serve hot.
"spring onion, rice, garlic, egg",Egg Fried Rice,"rice, egg, soy sauce, garlic, spring onion",1. Scramble eggs in a pan. 2. Add cooked rice and soy sauce. 3. Stir-fry with garlic and onions. 4. Serve hot.
"bread, butter, cheese",Grilled Cheese Sandwich,"bread, butter, cheese",1. Butter bread slices. 2. Add cheese between slices. 3. Grill until golden brown. 4. Serve hot.
"chicken, yogurt, cumin, rice",Chicken Biryani,"chicken, rice, yogurt, garlic, cumin, turmeric",1. Marinate chicken in yogurt and spices. 2. Cook rice with spices. 3. Layer chicken and rice together. 4. Serve hot.
"parsley, bread, butter, garlic",Garlic Bread,"bread, butter, garlic, parsley",1. Mix butter with minced garlic and parsley. 2. Spread on bread. 3. Bake until golden brown. 4. Serve hot.
"bread, parsley, butter",Garlic Bread,"bread, butter, garlic, parsley",1. Mix butter with minced garlic and parsley. 2. Spread on bread. 3. Bake until golden brown. 4. Serve hot.
"cream, chicken, garlic",Chicken Alfredo,"chicken, pasta, cream, garlic, butter, parmesan cheese","1. Cook pasta. 2. Sauté chicken with garlic. 3. Add cream, butter, and cheese. 4. Mix with pasta and serve."
"onion, garlic, tomato, butter, black pepper",Tomato Soup,"tomato, garlic, onion, butter, black pepper",1. Sauté onions and garlic in butter. 2. Add chopped tomatoes and cook. 3. Blend smooth and season. 4. Serve hot.
"turmeric, chicken, rice, cumin",Chicken Biryani,"chicken, rice, yogurt, garlic, cumin, turmeric",1. Marinate chicken in yogurt and spices. 2. Cook rice with spices. 3. Layer chicken and rice together. 4. Serve hot.
"bread, parsley, butter",Garlic Bread,"bread, butter, garlic, parsley",1. Mix butter with minced garlic and parsley. 2. Spread on bread. 3. Bake until golden brown. 4. Serve hot.
"garlic, black pepper, butter",Tomato Soup,"tomato, garlic, onion, butter, black pepper",1. Sauté onions and garlic in butter. 2. Add chopped tomatoes and cook. 3. Blend smooth and season. 4. Serve hot.
"cheese, bacon, egg",Spaghetti Carbonara,"spaghetti, egg, cheese, bacon, black pepper",1. Boil spaghetti. 2. Cook bacon until crispy. 3. Mix eggs and cheese. 4. Combine everything and serve.
"butter, bread, cheese",Grilled Cheese Sandwich,"bread, butter, cheese",1. Butter bread slices. 2. Add cheese between slices. 3. Grill until golden brown. 4. Serve hot.
"pasta, butter, cream, parmesan cheese, chicken",Chicken Alfredo,"chicken, pasta, cream, garlic, butter, parmesan cheese","1. Cook pasta. 2. Sauté chicken with garlic. 3. Add cream, butter, and cheese. 4. Mix with pasta and serve."
"egg, cheese, black pepper, spaghetti, bacon",Spaghetti Carbonara,"spaghetti, egg, cheese, bacon, black pepper",1. Boil spaghetti. 2. Cook bacon until crispy. 3. Mix eggs and cheese. 4. Combine everything and serve.
"yogurt, cumin, turmeric, rice, chicken",Chicken Biryani,"chicken, rice, yogurt, garlic, cumin, turmeric",1. Marinate chicken in yogurt and spices. 2. Cook rice with spices. 3. Layer chicken and rice together. 4. Serve hot.
"turmeric, yogurt, garlic, chicken, rice, cumin",Chicken Biryani,"chicken, rice, yogurt, garlic, cumin, turmeric",1. Marinate chicken in yogurt and spices. 2. Cook rice with spices. 3. Layer chicken and rice together. 4. Serve hot.
"cheese, butter, bread",Grilled Cheese Sandwich,"bread, butter, cheese",1. Butter bread slices. 2. Add cheese between slices. 3. Grill until golden brown. 4. Serve hot.
"parsley, bread, garlic, butter",Garlic Bread,"bread, butter, garlic, parsley",1. Mix butter with minced garlic and parsley. 2. Spread on bread. 3. Bake until golden brown. 4. Serve hot.
"parmesan cheese, butter, cream, pasta",Chicken Alfredo,"chicken, pasta, cream, garlic, butter, parmesan cheese","1. Cook pasta. 2. Sauté chicken with garlic. 3. Add cream, butter, and cheese. 4. Mix with pasta and serve."
"bacon, cheese, spaghetti, egg",Spaghetti Carbonara,"spaghetti, egg, cheese, bacon, black pepper",1. Boil spaghetti. 2. Cook bacon until crispy. 3. Mix eggs and cheese. 4. Combine everything and serve.
"honey, banana, milk",Banana Smoothie,"banana, milk, honey","1. Blend banana, milk, and honey. 2. Pour into a glass. 3. Serve chilled."
"black pepper, cheese, spaghetti, bacon",Spaghetti Carbonara,"spaghetti, egg, cheese, bacon, black pepper",1. Boil spaghetti. 2. Cook bacon until crispy. 3. Mix eggs and cheese. 4. Combine everything and serve.
"spaghetti, bacon, black pepper",Spaghetti Carbonara,"spaghetti, egg, cheese, bacon, black pepper",1. Boil spaghetti. 2. Cook bacon until crispy. 3. Mix eggs and cheese. 4. Combine everything and serve.
"honey, milk, banana",Banana Smoothie,"banana, milk, honey","1. Blend banana, milk, and honey. 2. Pour into a glass. 3. Serve chilled."
"yogurt, rice, garlic, chicken",Chicken Biryani,"chicken, rice, yogurt, garlic, cumin, turmeric",1. Marinate chicken in yogurt and spices. 2. Cook rice with spices. 3. Layer chicken and rice together. 4. Serve hot.
"garlic, butter, tomato, onion, black pepper",Tomato Soup,"tomato, garlic, onion, butter, black pepper",1. Sauté onions and garlic in butter. 2. Add chopped tomatoes and cook. 3. Blend smooth and season. 4. Serve hot.
"butter, bread, cheese",Grilled Cheese Sandwich,"bread, butter, cheese",1. Butter bread slices. 2. Add cheese between slices. 3. Grill until golden brown. 4. Serve hot.
"black pepper, spaghetti, egg",Spaghetti Carbonara,"spaghetti, egg, cheese, bacon, black pepper",1. Boil spaghetti. 2. Cook bacon until crispy. 3. Mix eggs and cheese. 4. Combine everything and serve.
"soy sauce, rice, spring onion, garlic",Egg Fried Rice,"rice, egg, soy sauce, garlic, spring onion",1. Scramble eggs in a pan. 2. Add cooked rice and soy sauce. 3. Stir-fry with garlic and onions. 4. Serve hot.
"bread, butter, cheese",Grilled Cheese Sandwich,"bread, butter, cheese",1. Butter bread slices. 2. Add cheese between slices. 3. Grill until golden brown. 4. Serve hot.
"spaghetti, cheese, black pepper",Spaghetti Carbonara,"spaghetti, egg, cheese, bacon, black pepper",1. Boil spaghetti. 2. Cook bacon until crispy. 3. Mix eggs and cheese. 4. Combine everything and serve.
"tomato, black pepper, garlic",Tomato Soup,"tomato, garlic, onion, butter, black pepper",1. Sauté onions and garlic in butter. 2. Add chopped tomatoes and cook. 3. Blend smooth and season. 4. Serve hot.
"honey, banana, milk",Banana Smoothie,"banana, milk, honey","1. Blend banana, milk, and honey. 2. Pour into a glass. 3. Serve chilled."
"rice, soy sauce, spring onion, egg",Egg Fried Rice,"rice, egg, soy sauce, garlic, spring onion",1. Scramble eggs in a pan. 2. Add cooked rice and soy sauce. 3. Stir-fry with garlic and onions. 4. Serve hot.
"bread, garlic, butter",Garlic Bread,"bread, butter, garlic, parsley",1. Mix butter with minced garlic and parsley. 2. Spread on bread. 3. Bake until golden brown. 4. Serve hot.
"spring onion, garlic, soy sauce, rice, egg",Egg Fried Rice,"rice, egg, soy sauce, garlic, spring onion",1. Scramble eggs in a pan. 2. Add cooked rice and soy sauce. 3. Stir-fry with garlic and onions. 4. Serve hot.
"cumin, turmeric, yogurt, chicken",Chicken Biryani,"chicken, rice, yogurt, garlic, cumin, turmeric",1. Marinate chicken in yogurt and spices. 2. Cook rice with spices. 3. Layer chicken and rice together. 4. Serve hot.
"chicken, cream, pasta, butter, parmesan cheese, garlic",Chicken Alfredo,"chicken, pasta, cream, garlic, butter, parmesan cheese","1. Cook pasta. 2. Sauté chicken with garlic. 3. Add cream, butter, and cheese. 4. Mix with pasta and serve."
"bread, cheese, butter",Grilled Cheese Sandwich,"bread, butter, cheese",1. Butter bread slices. 2. Add cheese between slices. 3. Grill until golden brown. 4. Serve hot.
"spring onion, egg, soy sauce, garlic, rice",Egg Fried Rice,"rice, egg, soy sauce, garlic, spring onion",1. Scramble eggs in a pan. 2. Add cooked rice and soy sauce. 3. Stir-fry with garlic and onions. 4. Serve hot.
"pasta, garlic, parmesan cheese",Chicken Alfredo,"chicken, pasta, cream, garlic, butter, parmesan cheese","1. Cook pasta. 2. Sauté chicken with garlic. 3. Add cream, butter, and cheese. 4. Mix with pasta and serve."
"cream, parmesan cheese, chicken, garlic, pasta, butter",Chicken Alfredo,"chicken, pasta, cream, garlic, butter, parmesan cheese","1. Cook pasta. 2. Sauté chicken with garlic. 3. Add cream, butter, and cheese. 4. Mix with pasta and serve."
"soy sauce, bell pepper, broccoli, garlic, carrot",Vegetable Stir Fry,"broccoli, carrot, bell pepper, soy sauce, garlic, olive oil",1. Chop vegetables. 2. Stir-fry in olive oil. 3. Add soy sauce and garlic. 4. Cook until tender and serve.
"cheese, bread, butter",Grilled Cheese Sandwich,"bread, butter, cheese",1. Butter bread slices. 2. Add cheese between slices. 3. Grill until golden brown. 4. Serve hot.
"milk, honey, banana",Banana Smoothie,"banana, milk, honey","1. Blend banana, milk, and honey. 2. Pour into a glass. 3. Serve chilled."
"chicken, turmeric, rice, garlic, cumin, yogurt",Chicken Biryani,"chicken, rice, yogurt, garlic, cumin, turmeric",1. Marinate chicken in yogurt and spices. 2. Cook rice with spices. 3. Layer chicken and rice together. 4. Serve hot.
"bell pepper, garlic, carrot, broccoli, olive oil, soy sauce",Vegetable Stir Fry,"broccoli, carrot, bell pepper, soy sauce, garlic, olive oil",1. Chop vegetables. 2. Stir-fry in olive oil. 3. Add soy sauce and garlic. 4. Cook until tender and serve.
"butter, garlic, black pepper, tomato, onion",Tomato Soup,"tomato, garlic, onion, butter, black pepper",1. Sauté onions and garlic in butter. 2. Add chopped tomatoes and cook. 3. Blend smooth and season. 4. Serve hot.
"garlic, soy sauce, carrot, olive oil",Vegetable Stir Fry,"broccoli, carrot, bell pepper, soy sauce, garlic, olive oil",1. Chop vegetables. 2. Stir-fry in olive oil. 3. Add soy sauce and garlic. 4. Cook until tender and serve.
"spring onion, garlic, rice, egg",Egg Fried Rice,"rice, egg, soy sauce, garlic, spring onion",1. Scramble eggs in a pan. 2. Add cooked rice and soy sauce. 3. Stir-fry with garlic and onions. 4. Serve hot.
"garlic, butter, bread",Garlic Bread,"bread, butter, garlic, parsley",1. Mix butter with minced garlic and parsley. 2. Spread on bread. 3. Bake until golden brown. 4. Serve hot.
"cream, garlic, pasta, chicken",Chicken Alfredo,"chicken, pasta, cream, garlic, butter, parmesan cheese","1. Cook pasta. 2. Sauté chicken with garlic. 3. Add cream, butter, and cheese. 4. Mix with pasta and serve."
"onion, garlic, black pepper, butter",Tomato Soup,"tomato, garlic, onion, butter, black pepper",1. Sauté onions and garlic in butter. 2. Add chopped tomatoes and cook. 3. Blend smooth and season. 4. Serve hot.
"garlic, soy sauce, rice, spring onion",Egg Fried Rice,"rice, egg, soy sauce, garlic, spring onion",1. Scramble eggs in a pan. 2. Add cooked rice and soy sauce. 3. Stir-fry with garlic and onions. 4. Serve hot.
"yogurt, cumin, garlic, turmeric",Chicken Biryani,"chicken, rice, yogurt, garlic, cumin, turmeric",1. Marinate chicken in yogurt and spices. 2. Cook rice with spices. 3. Layer chicken and rice together. 4. Serve hot.
"soy sauce, carrot, olive oil, broccoli, garlic, bell pepper",Vegetable Stir Fry,"broccoli, carrot, bell pepper, soy sauce, garlic, olive oil",1. Chop vegetables. 2. Stir-fry in olive oil. 3. Add soy sauce and garlic. 4. Cook until tender and serve.
"butter, pasta, garlic",Chicken Alfredo,"chicken, pasta, cream, garlic, butter, parmesan cheese","1. Cook pasta. 2. Sauté chicken with garlic. 3. Add cream, butter, and cheese. 4. Mix with pasta and serve."
"bread, butter, garlic",Garlic Bread,"bread, butter, garlic, parsley",1. Mix butter with minced garlic and parsley. 2. Spread on bread. 3. Bake until golden brown. 4. Serve hot.
"butter, flour, egg, milk, sugar",Pancakes,"flour, milk, egg, sugar, butter","1. Mix flour, milk, egg, and sugar. 2. Cook on a greased pan. 3. Flip when bubbles appear. 4. Serve with butter and syrup."
